# indicator: accbands
# case: min_period
# params: period=2
# oracle: ta-lib-python 0.8.1 (TA-Lib C 0.8.1), talib.ACCBANDS
# produced_by: python scripts/oracle/talib_golden.py accbands --case min_period
# input: testdata/daily_2000.csv (all rows)
# tolerance: rel=1e-10 abs=1e-12
# excluded_rows: none
# date: 2026-10-04
high,low,close,accbands_upper,accbands_middle,accbands_lower
1003.5163491119328,983.8115653872889,989.8340055221157,nan,nan,nan
994.7935645236221,979.3604994727818,981.5830972285231,1034.6088316523526,985.7085513753194,946.7642097136423
991.9362629298597,974.7624290540583,982.2512111573863,1026.242428882837,981.9171541929547,944.725181566233
992.9078546508689,976.7006524159599,988.3105678224447,1026.0864254967237,985.2808894899156,942.6338352199477
1001.7026743500104,985.8450311637223,999.0517026455763,1029.6299933348478,993.6811352340105,949.4678797818549
1007.2260613726932,997.2088265570287,1001.24335016971,1030.515827508273,1000.1475264076432,965.8286325033918
1016.0710012681458,1001.7654637774506,1013.5644399603644,1036.1227848317421,1007.4038950650373,975.315854065843
1020.4008340641677,997.9702373677454,1002.0897248432268,1055.3227476696688,1007.8270824017957,963.4824122018753
1003.857478326551,996.2203407021328,1003.1104813004353,1042.4753284166384,1002.6001030718311,967.3059926145373
1019.7649742251757,998.8017488700879,1017.3611426658994,1040.6584584088234,1010.2358119831674,969.1575509600584
1020.2265553405683,1008.5500312025148,1010.9492900784167,1052.9204252905674,1014.1552163721581,971.3210515577142
1041.0253716784816,1008.6535996671347,1035.1592426340032,1075.252729542492,1023.0542663562101,965.1319891689911
1051.4559860658096,1028.181945069436,1048.0393678703597,1102.65822699183,1041.5993052521817,963.5436944725292
1047.1978027346267,1027.4482802123625,1031.744838226453,1092.7989317142888,1039.8921030484066,985.2400229176947
1034.656214751717,1014.1944963089788,1026.1263461199455,1081.5306042612438,1028.9355921731994,981.002501848738
1023.8210102068543,1012.7989092160726,1017.7735852001987,1060.9864327058776,1021.9499656600722,982.2768841220783
1025.392191724928,1015.6356479040102,1018.7617689563543,1045.4915352611806,1018.2676770782766,993.5449232319324
1022.2568964549935,1019.0321825755934,1021.7780074138068,1036.8575343507418,1020.2698881850806,1004.4043900999478
1040.530117341986,1021.4429033136896,1037.7120497302565,1053.8872150156258,1029.7450285720317,998.1073952463855
1055.255445523101,1034.0140178084469,1054.397643893618,1088.614068980185,1046.0548468119373,987.7924646228099
1060.8297433122866,1053.5564029354834,1059.1147417429886,1086.7983421082404,1056.7561928183034,1015.5114218795982
1073.6776251146061,1058.1026707103335,1060.5790089007558,1090.24079061753,1059.8468753218722,1033.1200536648412
1066.8833665886527,1052.6122116878405,1061.1672007555298,1100.3364886642944,1060.873104828143,1025.721215401583
1068.037519443607,1061.2729830720057,1062.226394254321,1088.6137159877153,1061.6967975049256,1036.0244878066824
1063.5697892960204,1048.4447676861842,1052.6444785174226,1087.8230190041825,1057.435436385872,1033.0991240505896
1060.1915690476756,1039.5032438009923,1060.1487652160556,1098.0061850350721,1056.3966218667392,1008.4728178937745
1066.1266166757907,1049.9930171348885,1052.4740588597697,1100.3078649122558,1056.3114120379128,1008.2530529432934
1060.4126628436588,1045.4315964603686,1059.310659824791,1094.6138865091928,1055.8923593422805,1016.8272216987127
1079.3936300471416,1057.0708099686738,1075.0957668119854,1107.5468485424894,1067.2032133183884,1014.2871323880952
1079.428543723168,1060.4754053442493,1067.3464307151535,1121.088153056302,1071.2210987635697,1017.8982569128362
1084.8370525605665,1061.487467491468,1079.8118471663054,1124.857406713701,1073.5791389407295,1019.1005980936588
1088.64051988408,1066.556448906213,1070.4701475794004,1132.6527524601952,1075.140997372853,1019.0686123427824
1071.9312827571664,1062.9285878592043,1063.8188797996272,1111.636924616468,1067.144513689514,1033.9200099268962
1078.479778351948,1060.1427214965308,1068.674325170118,1102.7404729108848,1066.2466024848727,1034.3910935274378
1095.3599116540709,1068.8802748475262,1092.8574279514942,1132.217745233227,1080.7658765608062,1020.1760110783237
1098.5961973575982,1077.7487026754648,1080.3453206135648,1144.8288671851737,1086.6013742825296,1026.5110384634795
1083.8374562984663,1059.6420865477924,1067.9996486957457,1136.7325069281856,1074.1724846546554,1024.1253458461683
1071.890003499379,1046.6952528661245,1049.956102871859,1127.826587384616,1058.9778757838026,1004.3512864247962
1053.4152514521516,1047.408384971745,1053.2198480665513,1094.171042303818,1051.5879754692055,1016.1669995196664
1068.4570847960213,1054.6501252192725,1064.5729729333825,1080.8569587779634,1058.8964104999673,1031.322393635076
1073.0122838083294,1048.930686530826,1053.9315874669364,1108.9863286355862,1059.25228020016,1014.264936499957
1056.9520844659248,1045.463451497914,1045.9016250308796,1100.8884921888266,1049.9166062489085,1011.9629165750424
1056.3744352995388,1046.0629808232495,1050.0279280837972,1078.576699645007,1047.9647765573388,1024.0764810342575
1055.7372169030748,1024.3054027200067,1025.8962732992723,1098.3246380639346,1037.9621006915352,993.9664664155416
1039.7611593023958,1021.3800687368338,1033.959708393966,1098.2009844573108,1029.9279908466197,973.6687225857361
1034.7718008292193,1016.3014739807368,1019.6856128101015,1074.4481475605528,1026.8226606020344,982.319604025442
1019.9247713953963,1013.0866822579455,1013.9399090164076,1052.8460311999215,1016.8127609132553,989.5749912350886
1023.771323051398,1011.9861203372968,1020.3397999694878,1040.5625648861082,1017.1398544929484,994.0043352572288
1019.552559370631,1010.5511142004133,1012.6810944132798,1042.556727063135,1016.5104471913845,990.5901073523384
1016.1870893490018,983.885050944481,988.7614199260511,1059.7349122144205,1000.7212571696662,956.4762032775749
1012.7096871552639,983.5127826058085,1008.6017976755418,1076.8960594198368,998.6816088007972,923.148702034897
1028.4578030636414,1003.6145838248616,1026.136262937784,1075.3546273091356,1017.3690303066637,940.2543178385481
1027.552780061597,1016.9998490282703,1025.9007437014682,1063.759632869782,1026.018503319627,975.2692571895159
1038.8207352541713,1022.8142806249606,1035.6930540554931,1059.9248856281874,1030.7968988784814,993.5264214718443
1045.0879624239162,1035.1491905427006,1043.3645345739744,1068.0713334244529,1039.5287943147346,1003.2082671483874
1059.4535517681702,1042.979004667237,1052.68594912709,1078.860654312272,1048.025241850533,1012.8273568569
1066.7352667311925,1051.7228671482208,1064.9574576957318,1094.8168345752451,1058.8217034114116,1016.0994678654829
1072.041132512556,1061.5957999123405,1068.9697242178004,1095.003452471088,1066.963590956767,1031.3591220131198
1075.7312416325985,1056.9404535115254,1060.7891455785425,1103.3390075017148,1064.8794348981723,1030.2487056984933
1067.7650411154661,1051.0085333011011,1062.6418042202927,1107.593521659354,1061.7154748994185,1018.7252818207589
1067.6897973669288,1061.1556694950227,1062.595843623197,1091.1706306388828,1062.6188239217458,1032.9440414232054
1068.8560661189363,1062.4027163210833,1065.5715992132277,1081.3000052380976,1064.0837214182134,1048.8313110637002
1074.6684360246552,1060.5336060240313,1068.7286737252125,1092.463542506085,1067.1501364692213,1040.9930930098933
1070.592413989818,1061.0623159512647,1063.5763875525015,1096.431530944944,1066.152530638858,1037.269210847002
1063.2690058655924,1055.332053747117,1057.965314985435,1084.4701011246257,1060.7708512689692,1040.802475732055
1066.932468560043,1051.3366932044871,1056.6652156171774,1088.7780230624478,1057.3152653013071,1029.9462043773706
1074.4825932095287,1054.983068344907,1074.4034411520317,1106.09621235897,1065.5343283846055,1018.3579618085269
1076.1408584365604,1064.0840069045175,1073.2870611479395,1107.1145811205374,1073.8452511499866,1028.2236401288765
1091.874972892554,1072.8679826048667,1086.081899469387,1115.306565343229,1079.6844803086642,1037.6469607939039
1099.2664868309348,1081.589988478045,1092.7622762098283,1132.5643780223177,1089.4220878396086,1040.8556564208748
1109.591991989239,1093.4073554235888,1107.1478578667404,1138.552550320068,1099.9550670382853,1053.899713023718
1110.827878430928,1089.2727268201654,1092.3860560970543,1148.2798093615943,1099.7669569818981,1053.930338920563
1102.3229322623374,1080.2431042095313,1082.9025918652749,1150.6449378912678,1087.6443239811654,1041.5574887323469
1098.1188918604655,1077.9474859763882,1092.6516501103288,1142.882497725332,1087.7771209878026,1037.2544128831244
1100.5248603188531,1094.4164566069078,1095.0722825877272,1125.8056672157938,1093.8619663490288,1060.106143225738
1106.793383641,1093.336060940662,1102.1522065547397,1123.3241608783687,1098.6122445712342,1074.4098448476611
1106.7813481491676,1102.3976742930088,1102.958879415034,1124.7193741023996,1102.5555429848878,1080.1168827111583
1106.120510935582,1092.0778992637636,1096.5827062328385,1124.9756211209244,1099.7707928239372,1078.9099073009822
1109.9610323542404,1090.3057323405037,1106.9193709528931,1142.0039744840324,1101.7510385928667,1057.7591952701455
1115.4900086923494,1105.7043990939783,1113.8633943473542,1142.3851248717178,1110.3913826501246,1068.7828508414489
1120.954845337913,1089.2387896362397,1093.9589603003171,1160.2223256244815,1103.9111773238365,1056.4681623743713
1111.2406149608564,1089.6271080424012,1107.3104986589515,1170.094669289083,1100.634729479635,1036.7707627387626
1111.1232774367568,1103.5602434421903,1107.0681864736218,1140.5965688161996,1107.1893425662875,1067.6552165336461
1108.204225235088,1081.2693808270924,1085.4482972265273,1144.5188088422428,1096.2582418500754,1058.2741128358384
1094.4838662484149,1075.7584655957794,1091.4800102318395,1147.4972100222376,1088.464153729184,1033.3465973706607
1091.4744873879044,1077.6664226224093,1078.2745918159644,1125.7621075087845,1084.8773010239026,1044.4284439634584
1087.6317674213453,1075.725515675337,1083.7237463237395,1115.4208689272812,1080.9991690698525,1051.1350776485228
1083.4680787313864,1074.3458428981367,1078.6658843127152,1106.682502474575,1081.194815318228,1054.11128352643
1091.3958457253705,1075.9180625790746,1091.3406431307033,1112.1810797392777,1085.0032637217098,1050.681032290414
1101.7537743367066,1087.3644060931358,1095.1673404207593,1126.6470786256086,1093.2539917757317,1051.9792001509422
1105.6937129894532,1094.7126344272447,1102.5140125457553,1129.243574548202,1098.8406764832578,1065.817457533754
1104.7568040077101,1093.4301817403275,1096.8787327170978,1127.6461229658134,1099.696372631427,1071.8768708918356
1096.609444014703,1084.495916692253,1093.1489008767953,1124.248913099918,1095.0138167969471,1065.6485391253364
1100.9209804826082,1087.1369408153698,1096.7776537205812,1124.8168908071939,1094.9632772986888,1060.0729733329727
1098.9079274449,1094.2605576967858,1095.0081268020208,1118.4425461336523,1095.8928902613015,1072.3640225952704
1102.2749555917035,1087.6369602253026,1101.412113819852,1119.9844990390434,1098.2101203109369,1071.7710862527551
1107.1621728347695,1086.7890842765964,1090.8963213257464,1140.0166777020113,1096.1542175727996,1052.4889678905756
1095.545770235424,1082.748516001547,1083.7848902783826,1134.7886819070634,1087.3406058020648,1051.8628249269373
1106.977090113428,1078.157785609444,1103.2725943191256,1143.3332634731491,1093.5287422987544,1039.2918666284963
1104.5123873721163,1086.8407703841383,1089.2116869452161,1152.7582605624539,1096.2421406321712,1036.5309568325483
1108.6468081200921,1083.9952862428102,1108.5739375967828,1149.3223980163812,1098.892812271,1043.51455085323
1113.9722627942372,1089.982487095115,1094.0991763103643,1160.489111873663,1101.336556953574,1038.8858679326513
1109.864569640575,1093.0590617441487,1094.4056386651728,1153.1030302327376,1094.252407487769,1051.1148212438652
1103.6665856400318,1092.2918648286875,1103.582372436733,1135.1329302895076,1098.9940055509533,1064.68235852008
1108.440666871928,1100.2211752287667,1105.1492065432749,1125.7373466592478,1104.3657894900043,1076.7518155229825
1110.3311659035398,1105.666019565744,1105.8290438190857,1122.3109641725746,1105.4891251811805,1090.09936922018
1106.934508849206,1076.5195479227225,1080.5262713248435,1144.1464384553578,1093.1776575719648,1056.4461702946578
1097.81164749,1079.5127986954901,1095.0973546014104,1151.6643492647963,1087.811812963127,1029.8798249623114
1098.4006992904883,1082.625929323584,1085.1758999322003,1132.4476754414918,1090.1366272668056,1047.2636285379542
1099.409008215332,1080.1849674411587,1096.8810672048528,1134.1873153299375,1091.0284835685268,1046.6902884772414
1099.8405496692887,1087.447767451702,1091.9029196802817,1131.481373442119,1094.3919934425676,1052.439315962717
1094.7299114212021,1075.9409634090389,1077.1018635458192,1128.699809902919,1084.5023916130508,1050.7454843285423
1097.3095530437843,1073.3146771173372,1094.9463954828884,1139.231438178142,1086.0241295143542,1032.2718783316143
1100.6129673114215,1085.0654434212518,1087.1643992667225,1138.8795033293686,1091.0553973748058,1040.0235037878247
1085.1900690144375,1062.2709218177329,1065.3909310665736,1131.723392975567,1076.2776651666484,1035.5567152583792
1073.015626633115,1060.0626982273654,1068.5669591026144,1115.2981874768177,1066.9789450845942,1025.61799847068
1092.106318019031,1068.081029980152,1088.0092403399751,1119.8850500193807,1078.288099721295,1027.439508907807
1092.1876873695483,1074.027803363078,1074.5792718828466,1134.7516189780931,1081.2942561114112,1029.288688864718
1084.6273804337031,1068.4406347617205,1073.4328095487895,1123.0280938816395,1074.0060407158185,1037.1615196855055
1081.4043184347215,1062.0309726952614,1068.2867560283155,1118.8727377863574,1070.8597827885528,1029.9725092577492
1077.2941108879234,1045.9554746868105,1055.2961608449343,1130.6988522183601,1061.7914584366254,1003.9188973669263
1063.3565999802395,1052.8310227947418,1052.853572333141,1112.7044718321313,1054.0748665890383,1008.0439383656034
1060.3096805718526,1043.536614864746,1058.2174755722583,1089.3178601693548,1055.5355239527003,1021.0712529378428
1062.5316573918617,1055.0215687080688,1056.0216067705614,1085.864183033672,1057.1195411714104,1025.1562970564219
1062.1957422062108,1050.7937941492228,1059.249814264411,1081.3638980255155,1057.6357105174868,1034.083806173562
1073.8644323916292,1052.5795636324285,1062.7731306119008,1100.9914835828722,1061.0114724381565,1019.2744415423994
1071.105276901819,1058.3338371847574,1065.8684620677975,1106.830813775999,1064.3207963398497,1021.6900425853421
1072.392572093706,1045.3087916768548,1046.230340566079,1112.0271229454875,1056.0494013169387,1012.3890726107043
1059.3209889710906,1035.6022622459084,1054.501132150716,1117.2742119953064,1050.365736358398,990.2679441402217
1058.9208839900684,1036.1493265543618,1039.3852120623158,1106.1272707886378,1046.9431721065164,989.9015603864143
1041.0925050428336,1014.3165855990931,1016.1340084809593,1100.150489328133,1027.759610271638,976.2817971295137
1014.4823097933347,1009.4654596783771,1011.3076773419975,1059.9414237414787,1013.7208429114788,980.459499844732
1027.8984918055728,1007.8965268558151,1017.2215038254308,1046.4181734013441,1014.2645905837146,983.8711357395543
1019.8828442276019,1010.6573921395664,1019.036047276318,1053.3565215447502,1018.1287755508748,980.2879789502655
1020.9840374043713,1000.2085043967911,1002.4989330742569,1050.6898889235981,1010.7674901752879,975.6874261845574
1016.9720734531124,999.1884763111383,1006.6340706749319,1057.9075948318916,1004.5665018745949,961.5097694580043
1013.7654751877683,994.8601290518699,997.2281340840083,1052.3925169266106,1001.9311023794705,960.6701587319277
1008.1027396184242,994.6782788240321,1003.9254546304008,1043.5318359271791,1000.576794357205,962.7073186014513
1015.6887296820615,997.5627269874999,1015.2531298775205,1043.6993757939563,1009.589292253961,964.8232170715703
1018.8954350800245,999.7378997070844,1000.3701470959783,1054.920626853249,1007.8116384867498,961.7117816844927
998.7522271008546,986.6449901233907,992.3635473253129,1040.34424680999,996.366847210646,962.1823159339781
996.5806054701724,978.1848004592115,978.8759157069319,1028.4146549253583,985.6197315161228,952.1570499542945
984.2662302097092,978.0962908172908,982.2645056460859,1015.1799263707051,980.5702106765093,953.765565362255
983.8509517021524,970.3135095710439,973.258243936831,1003.8791520304146,977.7613747914588,954.6106982215954
988.4121001160377,973.3072138372884,985.7623042414136,1014.983939637061,979.5102740891227,943.3781186124146
985.4210180721919,960.4011654463676,966.8529267767898,1027.4793142304889,976.3076155091021,927.1674669690528
973.1923437941948,956.5644911343122,957.0383717704249,1021.4193723190848,961.9456492736077,917.3001091048156
960.1069533298686,944.8928817057089,947.1844497387121,998.756353134502,952.1114107545689,919.1515424243944
951.615458025922,941.9844142581038,943.8302350952653,980.8768110587496,945.5073424169891,918.7640225788032
950.7140557245577,941.7308398041281,944.0312526359406,969.8706433246188,943.9307438656033,923.3349941039976
947.5629565432037,937.8400776964055,939.3046598031958,967.937383323293,941.6679562195686,921.1721464052218
945.7371569007089,937.053659815911,943.7306615319593,965.1466213862733,941.517660667578,919.1306815572815
957.9817175908188,933.207138018202,955.5641065368534,985.6821095606731,949.6473840344067,902.0369179171349
961.4033081873869,939.7760794608737,941.5575377447802,1006.664892918755,948.5608221408172,890.6603721709286
947.2068309403842,935.9337947619597,936.7782116633779,987.5188428593507,939.1678747040794,905.2681805970049
936.2870877748718,918.3984433720775,922.3557833251209,971.1486615921083,929.5669974942498,898.2444601390598
924.8480797545523,903.6344533049819,906.3844275704496,970.0885080747255,914.3701054477856,872.3328309438123
911.3652475721117,886.568673679004,893.5066193085228,964.7049665628977,899.9455234394866,849.6794657062007
897.0526438101285,892.1019673978478,896.9218039874264,934.3118817822126,895.2142116479749,859.94375601874
904.7815622472114,884.3979341339666,889.5788158427284,926.4973313610492,893.2503099150778,863.1615700472341
896.39084142475,885.1806533638996,895.3860949241515,932.4827809609085,892.4824553834403,853.4982405256693
898.3973225704781,893.1939705475568,897.268752280693,913.893272176238,896.3274236024226,872.8594219668074
905.289944641929,892.5371596978388,904.5291676580101,919.9053439247492,900.898959969352,875.0150015072189
905.1659350678684,899.1210548069135,901.5962369526159,924.1363183062592,903.0627023053135,877.142155293645
903.7698765383836,885.4979048101401,889.1970296420299,928.9916029396777,895.3966332973233,868.1994729666803
901.5883064778072,888.7064551191108,900.8942361520361,934.1121974725695,895.0456328970334,856.2276397552183
910.1561035815499,894.3447280491199,904.4005975111808,934.7966639830895,902.6474168316089,863.0635967552721
912.1618047626844,905.5770805084428,910.102930748954,933.7174492410784,907.2517641300678,877.7271997743981
911.1336709186482,897.8865939181024,899.3211433972638,931.600397706733,904.7120370731093,882.0208945697633
902.1260105905778,896.7842211318987,899.7757551459711,925.3315750104264,899.5484492716178,878.8594088623627
899.3497984046594,875.0075786484574,876.2683418867318,930.7717242537469,888.0220485163518,856.5617012165428
876.9661903457188,859.2371620558675,867.3219159886365,930.7442285449271,871.7951289376845,825.5661084297926
875.427730575918,857.0818144774973,859.5841412037909,912.6472115044993,863.4530285962139,822.4598505338182
869.962922839459,854.0305705523787,866.6859306887086,907.3151033909767,863.1350359462499,821.619432427223
878.9018546352618,861.6140532333316,875.8588618661163,907.9714942241575,871.2723962774126,824.9211100016298
880.7063389227166,869.2907167071538,880.2010318557384,908.7536994038473,878.0299468609275,836.9951403601137
889.5923613663913,874.7971775026822,889.4281635833128,911.5586870179197,884.8145977195256,846.031671819739
890.8708328410419,882.249333997991,885.8385587854457,913.8142645368312,887.6333611843793,855.2725577699302
896.4159844642159,882.2697770016279,893.9601195965766,916.565542877371,889.8993391910112,859.6462771132728
899.2615349062072,892.1156574712361,893.282764048473,919.2718571121072,893.621441822525,866.0416448682086
903.1423495242884,881.368084671206,888.0939582865458,930.4162752381019,890.6883611675096,858.1159195179672
890.1709494124341,876.3810186419728,879.482940275038,932.5941765917889,883.7884492807921,843.6836875329287
882.6931534902936,869.1936574082223,873.2374738207989,913.9331471958754,876.3602070479186,845.7095800645428
873.1692181865149,868.7977190897576,872.8439491021555,895.9171743045581,873.0407114614774,851.2396863574857
873.4429489768775,859.6295669726725,861.9261251125937,891.6120340261579,867.3850371073747,846.1498312737514
871.2025342723994,859.5149832597635,867.6811709291846,898.0126997624598,864.8036480208893,834.2603672203568
871.0318605184466,868.1374925564758,869.2301872047977,885.7828593850776,868.4556790669914,849.32806194856
871.516263559542,862.4926917048348,864.3252665331436,883.2437763044944,866.7777268689708,853.4489267627982
870.1710766744457,843.9310324563558,844.9875311755742,906.5559350703579,854.656398854359,818.3968948883639
848.6172666483508,842.6399692921636,846.1950343814281,892.0343297073695,845.5912827785013,811.4909757716757
850.4999174163933,844.6301542623983,846.5988640005319,861.4471030593172,846.3969491909802,831.8294517838608
856.824154964547,841.5983290068265,842.4876867586172,874.914445420583,844.5432753795748,822.1754726412931
845.2408809924927,823.2673423445085,829.8734386786246,888.6577594405237,836.1805627186211,795.6593479262606
842.861372385447,826.6902943607016,839.1252992292948,882.6417565842102,834.4993689539599,787.2802149023848
837.8599260746585,824.7764556556821,832.963093369791,869.8747840863666,836.044196299543,796.738412977061
835.3687883631911,825.1949193305803,828.2341473568496,860.0369847683332,830.5986203633204,801.8936361393642
829.8551557662324,817.4075632291106,819.7178430230041,855.3898270743118,823.975995189927,798.836173149979
825.9479129441597,813.0855746483459,824.981905074012,853.4064631928588,822.3498740485081,790.1316361105183
829.9230202662152,808.2697504944581,808.4044997559326,862.8382201844523,816.6932024149723,776.5492000155238
813.2053596617939,806.4749095461133,810.1189388350397,850.2620858229377,809.2617192954862,779.3027861043424
818.6083615567771,805.7852080706542,813.6695114589788,835.5896595297877,811.8942251470093,786.705650525278
815.3553224131917,798.3040109616283,799.2127486115863,847.1377132136292,806.4411300352826,772.4515508694124
801.0190940700478,789.4104032126611,790.8416992879315,837.1121222628349,795.027223949759,765.4621164904585
798.7629442225675,787.1019606875419,794.8635778914902,823.3311705247735,792.852638589711,765.1569845437418
809.5827065789122,793.1300172255893,808.4760146886216,832.541137887772,801.669796290056,762.2569556669
811.7371996249858,800.8620119039292,811.2147279497534,838.230066731787,809.8453713191875,769.9103740458376
826.9769477034733,806.8251684503884,821.242209240447,850.7059394491087,816.2284685951001,773.138522013754
830.8756571077405,820.2460635943542,828.0562749343892,860.0246641505453,824.6492420874181,783.0712322343663
848.2071746327405,827.5077994176667,847.3376817494578,871.1945061510316,837.6969783419236,792.8720843298804
848.5099413836082,835.0066391800061,839.3094250182132,882.9252342773547,843.3235533838356,797.4185407306642
842.5658888794468,829.263183121241,834.7302282276361,872.5580809281657,837.0198266229247,805.5430610236452
843.2392425151247,834.5352681811851,840.0673370119171,865.0602496750894,837.3987826197766,810.0435494447248
853.8325525881861,840.1783502619579,851.0711332303817,871.0492854664062,845.5692351211494,815.1538438159857
860.6052903751025,851.1306703812558,856.5784379473113,880.5102434119749,853.8247855888465,822.6881876117866
865.5520628817044,851.8318684048264,865.0446192779377,886.4355447619582,860.8115286126244,828.4485085851455
867.4644956822741,859.3662686536649,864.0017389247429,888.4742893625616,864.5231791013402,833.9282355988428
867.7044739484983,854.3813221273746,855.44618601649,889.1469178753227,859.7239624706164,835.5934707509896
863.1963182278636,854.4710193975334,862.515930673757,887.6462453481234,858.9810583451234,832.5251187194881
872.8303509386602,858.9451837209102,871.4950143371817,890.7794524520561,867.0054725054692,834.2532873318551
881.1436799999027,871.5816071339091,876.7806272867412,900.5977514731887,874.1378208119613,841.9796512638289
877.6115621342228,871.7333382101266,876.9593886646354,894.8898364431409,876.8700079756882,856.2890944679156
903.1447034607271,875.1215750191624,899.148021133714,924.7408449249906,888.0537048991746,839.9874640108376
898.8356603267296,885.7506068522489,885.914108662794,942.6359143469158,892.5310648982538,839.8654595568016
902.9560345845382,882.4783689130757,897.5394977466173,934.7893739319376,891.7268032047054,850.8825760670788
899.9494619368307,887.6780081389045,892.3111434772346,934.520971375687,894.9253206119258,852.6481727022144
900.9466058402558,886.3147008267607,898.1458432663769,927.5554201557761,895.2284933718056,860.2970231272222
914.1015910057877,898.2518550472238,912.0473396465542,938.2641396067592,905.0965914564654,862.0600371766111
916.2091756344132,907.3457236559028,907.8977484619055,940.0502644807214,909.9725440542297,878.2672946380351
915.3923287475808,908.4515416031307,914.9329274279908,931.6744861640459,911.4153379449481,892.1638883566443
919.4670747731818,911.39431749651,914.7339900385705,932.5052548598585,914.8334587332806,894.9713938070532
921.4212354810279,908.2813945625122,917.7592139370015,941.7867108243637,916.246601987786,888.7552153363943
919.3390512173437,910.9292898943498,912.5525437070295,942.0627495231504,915.1558788220154,888.188743919376
914.3685819119548,906.8262888606985,910.3879609551252,932.8757479524203,911.4702523310773,892.9956120167942
911.4611690946119,898.0620390340626,903.5909765101206,933.9867519289539,906.9894687326229,881.6331941494391
913.7976162224279,903.2225566565943,906.8906748532472,936.7643468195928,905.2408256816839,876.8288727536349
925.5090748114244,904.7207849906137,922.3242039086269,951.3143612815493,914.607439380937,872.9059878149378
926.6132838575768,915.5383504727804,918.6867744725143,958.2271040639255,920.5054891905705,878.569046049907
920.5209836190194,906.2588112657722,908.705313174979,949.0821701840978,913.6960438237465,885.7394058389884
914.4231824540194,908.0604591247283,914.0459901944279,938.2305412003593,911.3756516847034,886.6683019940131
923.3026133850623,907.229839590214,920.8724156341342,941.4617339124629,917.4592029142809,885.3729911021142
938.0098116487094,923.3775838888351,936.8346175860742,961.6173620150025,928.8535166101041,884.8548581281962
943.5873675668903,929.1208392530954,931.9351444583665,970.1241213644812,934.3848810222203,897.3772311803082
932.5227355473938,909.293450135525,911.2070084819047,976.1555896397822,921.5710764701355,881.9160553256227
918.4307430776618,904.7497545965219,916.7847966974391,962.7826456848823,913.9959025896718,870.5069609523604
919.671509830164,907.7561680945473,907.8193620247998,944.8278089976295,912.3020793611194,880.836983455738
915.1760577352829,903.3409470429099,912.5174744759048,941.3289518007184,910.1684182503523,881.952820730744
914.6214644818178,906.957539074211,907.65483592342,934.5070658405341,910.0861551996624,885.7594755905845
910.4588716299119,895.396838359224,896.2735816598683,935.4239984893007,901.9642087916441,878.6091017935642
900.5845275102884,895.355538264435,899.7441196281105,925.9535739466835,898.0088506439893,875.2260176553307
902.2668790070262,899.1727288111852,901.5956539103624,909.7693817301937,900.6698867692363,888.9615331259579
908.0253123443514,891.6731742820455,893.8927731546117,924.7462746735886,897.7442135324869,876.1305540282212
902.0070516063546,888.0723405656854,901.7774307860569,935.5600808070724,897.8351019703341,859.8429580496347
902.7115143257773,880.359698779793,887.28124956251,939.0344758175337,894.5293401742832,848.3181593509
901.3904948853052,882.778925676655,898.8881089461593,943.488728773598,893.0846792543343,841.0802668870119
902.6113152205429,894.4589197550298,898.2071099416916,928.9959996528937,898.5476094439251,862.0860879674855
901.450382392566,881.3408226651835,883.9324817904672,930.5566194465741,891.0697958660792,859.9017314643352
904.4102605692815,882.8609753723468,900.6023651747197,945.0758201836654,892.2674234825932,840.9287078728726
913.2408505229401,899.3865360210098,911.4696685242568,944.5948684652687,906.0360168494881,856.085869218106
913.4378506398914,896.140809456812,901.7741403445378,944.7619333980672,906.6219044343972,866.8835441855426
901.8438418505505,894.5619389876459,901.1724212807651,932.4146437045308,901.4732808126513,870.9672835895709
933.2658033720625,898.537500648296,930.7244743164488,960.2529437491877,915.9484477986068,855.2274297825102
935.7738400887507,927.7482231030666,932.1053594722084,977.9667029670727,931.4149168943285,871.0819036934463
945.1335709916594,930.4517415286845,941.3481818977871,963.3106432410341,936.7267706849976,906.5420271193863
944.9865573649172,935.2276740001755,938.7637420072921,969.6663559625158,940.0559619525395,908.564573893224
976.7967490144712,936.830254083438,975.1545872423656,1011.5023915521032,956.9591646248288,887.1889458126659
979.1967330441987,966.202837550305,971.6114939519586,1031.878629996923,973.383040597162,899.4776539346059
976.9855099902799,971.3241519598283,975.2854557979041,996.8496157459488,973.4484748749312,950.2114819350857
976.3599653315026,967.5572204318465,970.3746574334847,991.1931531922748,972.8300566156943,955.0328958670057
971.1839672643831,948.7280544877237,950.5521955439584,1005.3331375464008,960.4634264887214,927.1864933556121
953.195109030531,945.8322982616061,952.9822700554496,992.2994600301131,951.7672327997038,917.7526511661524
966.1847899574659,948.9419443840362,965.299653276162,984.4793985234774,959.1409616658057,922.9652576675909
967.5842841450304,963.4099830752375,965.7773841358508,988.4659534123768,965.5385187060062,934.9230868043203
978.227797025346,960.0210443158089,971.3579341203933,995.4671414717786,968.5676591281219,939.5145070234535
979.7300383811638,970.3514252780438,976.2959675545328,1006.7804118627193,973.826950837463,937.8169973310767
978.2114445016555,962.1170396902958,966.9213237734501,1004.6223622805264,971.6086456639914,940.9398174943273
968.4282285064385,965.9426706195626,965.9924396942503,992.0364909499681,966.4568817338502,945.586584204379
977.020749105644,959.8540598358288,971.1023064954434,992.5320796194818,968.5473730948468,943.4014617277542
979.1398913177969,967.4681134837078,975.8050553745219,1007.1409206478424,973.4536809349826,935.0447528880818
975.5897686570964,970.3133685114551,970.9326787028695,994.3972986310253,973.3688670386956,952.0268536816991
981.1981907958823,964.0315491082148,976.0508512510931,1001.0028242638657,973.4917649769812,944.8952196805935
979.1514850395549,970.6094205462804,970.9774110974545,1006.0724631106664,973.5141311742738,941.800697658311
970.0468958919314,959.3612508604729,960.4995090946928,993.9235038140414,965.7384600960736,945.8542300022084
971.7134916004036,958.2550441943359,964.0051667936857,995.1773176838708,962.2523379441892,934.8170865900552
973.4666981015987,964.0812020776498,972.9692763245008,995.5733528622947,968.4872215590932,938.463494287253
979.3023425213144,964.7599421669931,971.7569054087206,1000.4666633474491,972.3630908666107,940.6469224017735
973.3604236989238,959.4628926185947,963.9480365087328,1004.9800248615961,967.8524709587267,933.8801962749701
975.807078731354,948.0127646262646,959.6910597987466,1016.7770807673819,961.8195481537397,912.5474678038356
984.4056646710984,959.779092072319,982.5544076622818,1033.240755231618,971.1227337305143,902.1885384719462
986.2073859137848,958.1125829388808,962.8303105435361,1038.7458013313383,972.692359102909,906.9423623971296
976.1603980641132,961.9147382289323,971.4091684493183,1024.0350272707733,967.1197394964272,918.1838702455607
975.4355025348972,967.0810168282313,973.1258520471151,998.5387388252757,972.2675102482167,942.0383749706585
971.9986601504322,956.4099974760187,961.8833742755719,997.8221751279312,967.5046131613435,937.9643041752328
964.9956872304616,961.8090084286794,964.2728817790143,987.4037994658445,963.0781280272931,940.4654457753551
967.632905456677,958.8403573175159,964.1740128800973,978.338923384005,964.2234473295558,948.3908560316465
975.4944972013168,960.6393356320652,969.9530194766248,995.3655183616506,967.0635161783612,936.2462440906188
970.1359942008081,946.0128050984999,952.9115611630687,1012.2112707372075,961.4322903198469,914.7653940583081
956.4791001010377,949.0264204780774,950.3938660194477,995.2162610710877,951.6527135912584,916.2765892579162
953.719678008445,949.2507484031728,951.4454606953765,967.060641500965,950.9196633574122,937.2566184303831
964.2000598222146,948.2882302523394,961.8263575135587,979.4835087249678,956.6359091044677,928.5316107870989
968.7714695420258,952.5024805369168,964.7152360621037,998.9367318323474,963.2707967878314,918.4846853948866
974.2884432150602,960.3348090092043,970.0808843105624,1001.990984119684,967.3980601863332,926.4344260922715
977.7743258116815,959.1093638997407,962.3408946508207,1008.9304890623339,966.2108894806917,927.3839987678422
966.8179314480955,949.9539450673414,956.252950277234,1008.1533149371503,959.2969224640275,919.3309442054131
958.0132412635705,948.5586162530914,949.9775026593057,988.9294542639667,953.1152264682701,923.1329257858833
959.2994703260689,944.7183114537563,946.9616240546239,982.8506888165832,948.469563356965,922.7612291096036
951.5423597994023,917.4220712997195,921.949403278137,1004.8569350472646,934.4555136663805,883.1033166172759
921.2661522560257,908.7564033818849,912.0551544018349,983.7427167319584,917.002278839986,867.1676232973989
916.4547381756122,908.6429718621063,909.3364270841867,939.3009109462105,910.6957907430109,888.4971229770932
924.5743297382746,906.2514814609332,921.4858720912744,946.8659588983073,915.4111495877306,881.5294224211887
932.538331257041,913.6620915719233,929.1456365471198,966.1317906550221,925.3157543191971,873.1340707488739
937.7860776831405,926.4314776767247,936.8933808858833,965.6552005980255,933.0195087165016,890.0781013691915
945.0154137921389,932.8900574512628,943.6698839230967,965.0281524497047,940.28163240449,906.3282615814746
942.2253106173433,928.3177427160798,931.2881403727055,969.8349814338371,937.4790121479011,904.7526708284877
932.5075952872995,926.5953422951903,927.1209610554856,957.3084791466058,929.2045507140956,907.7589269131737
940.5363657706312,925.8883061562974,935.834233166386,957.2160558596408,931.4775971109359,905.8152743435332
941.8312018939843,923.6609183789966,931.4624731048553,974.2940701120119,933.6483531356207,892.2482122887081
940.3374817918,925.3133499372819,925.6398059753919,974.5767292769826,928.5511395401237,891.5906908532182
942.7471901373552,925.9572652668137,938.0569806678786,973.6282364103972,931.8483933216353,894.0930945977481
958.159149220868,935.309236017623,957.4431325187097,990.5196089336674,947.7500565932942,891.4200137492007
972.6220837499859,955.2881927567144,971.5969082862156,1006.0060173046027,964.5200204024627,905.5465068133108
975.6789317366172,962.1041074418126,965.3672711940691,1005.3101687185408,968.4820897401423,928.0383804983501
963.8218186536918,951.2505065724748,953.5188718272036,996.074130992856,959.4430715106364,930.7087900528016
955.0317113556303,938.8186778813276,940.660887907901,988.4324316541258,947.0898798675523,916.4715677653263
942.4055604277996,926.815148770412,929.5138268556776,980.7909122212291,935.0873573817894,901.2822993920029
962.1304738507293,927.3957229438879,961.7928311858876,1003.3617344068966,945.6533290207826,877.5488279963233
965.0552004813836,935.3177212533209,937.6295248707564,1029.168927724064,949.711178028322,867.988352386803
970.0824265956539,938.0820617558876,963.5799778076885,1030.3086502292867,950.6047513392225,875.9640400597136
980.7950528444887,958.4187598704555,980.1947683121833,1030.6102477761988,971.887373059936,894.6686032416994
990.6318226703827,976.6655936214579,990.2166352163557,1022.4133054096402,985.2057017642696,931.5570003522447
990.6414859102873,966.1978750985734,971.2978736297249,1029.4509774077517,980.7572544230404,933.4263777561546
974.2755388495137,955.2300451659538,955.8702249537627,1026.4409427345663,963.5840492917439,917.7181814963814
967.6776826524,953.1353789298583,965.4447332903949,1004.8624982302238,960.6574791220789,920.8930047149695
978.1018955714771,966.116531458372,975.0038927874126,999.6014406197169,970.2243130389039,933.2822710305998
982.4466473443101,969.2901679623828,982.3781533725559,1005.5786867698471,978.6910230799845,942.7240780322659
1000.793563381424,981.7882710390725,996.8174539532419,1024.0527509638473,989.5978036628991,943.6483216531501
1014.5995829869057,989.0836816063243,1007.4955859606503,1052.7248863654577,1002.1565199569463,941.4219020581252
1012.4073037492459,1006.5307162183148,1007.6726882498182,1045.23796965704,1007.5841371052345,966.7567473782584
1019.6369032669263,1007.8279715466994,1011.6998185533181,1033.7935088354266,1009.6862534015684,989.5797107075311
1012.883219178119,1002.136174267624,1004.2464688550515,1038.94213779652,1007.9731437041851,982.552196219715
1013.1214700829262,995.9143508103525,1003.5038771928806,1041.161204494507,1003.8751730239663,971.2757940368354
1005.3440125448897,984.081813489851,985.2846557872829,1048.0766782864396,994.394266490082,951.9033824674088
989.4057024770995,980.2350318509559,987.6228098393901,1028.077667945971,986.4537328133367,951.9954937430155
992.2634259853836,983.5500236332564,984.1428289779809,1008.7997623519432,985.8828194086857,964.0895799062662
998.7609364217847,981.5196078193294,994.8208658653026,1021.6554503165293,989.481847421642,956.768622930073
995.657074383316,974.774836430961,976.5673390583427,1035.7039894491759,985.6941024618229,940.3950730621506
978.6559881676156,964.7976510683513,965.9433030363149,1022.2172327816362,971.2553210473291,935.3657951525882
963.8496285223107,950.2393251949763,955.5367750494376,998.9170467992474,960.7400390428766,930.2454457327508
965.0970836103652,954.5648207519898,960.205662409019,988.770485017506,957.8712187292286,928.4140695532317
959.6394076199281,951.1606170901883,958.1844397450376,981.4747073974142,959.1950510770287,933.9470739271264
976.6430040312347,958.5388654734732,974.7879888463693,994.9311268472421,966.4862142957038,928.4738041284888
976.4556043127832,968.8157123928028,969.9526486570521,1002.4927086999394,972.370318751711,938.1326325055845
971.5424590946636,966.4756515540889,967.344354361528,986.7489830069649,968.6485015092903,954.9822343555771
972.0871538739927,967.0883202552524,971.7984012376747,981.9065805069342,969.5713777996016,956.7424776086466
974.4592196697924,966.5686669145979,969.4166428077259,986.2075354213498,970.6075220227006,953.9840694865125
972.9492101897831,961.6250010199518,968.1999787927382,993.0173403735346,968.8083108002322,944.9804355609699
966.0441774577029,958.4350782988479,959.472761569307,988.5263746830092,963.8363701810227,941.1931038612936
963.3946703121923,957.5268381067584,958.2002693993458,978.2443649199952,958.8365154843266,944.5520365092732
967.899494911945,957.2098688213852,965.7456529555817,982.2818220374033,961.972961177464,940.8881762974192
966.8553067843156,956.2754585621371,962.1924455416098,988.7644354721049,963.969049248596,935.5907496902591
965.7914613283016,958.3187592774534,964.9340975802439,984.4631598273324,963.5632715609271,939.3317841447658
970.0270029982154,956.6557315757235,959.6061260146262,988.8750247770033,962.2701117974352,936.7650910936532
963.4481588393504,930.3060243466504,932.3450575151626,1013.923796594501,945.9755917648945,897.6402818065212
933.7420343641753,928.8105286431119,931.5304703129566,987.2618065199435,931.9377639140597,892.0777059855349
950.0018147464539,930.6904383854355,947.2859626642803,966.3261574624976,939.4082164886186,905.718952257293
953.1300736941574,927.3920461642416,928.826181605757,997.1659088149997,938.0560721350188,884.5423990876643
927.1846783766252,898.4616889352097,905.7280770660985,995.4225603898607,917.2771293359278,859.2700179615324
922.840095300025,899.7432125681942,920.3499649435629,977.5768570286111,913.0390210048308,848.0271765954952
923.6950855536485,915.0624780343725,917.418712359799,955.3303068109211,918.884338651681,876.0065811831541
921.4212437359913,918.2243691802084,919.462758568881,934.4337305471845,918.44073546434,904.8600253595375
923.8622091356051,914.942158630777,923.771828488132,934.8074781339977,921.6172935285065,904.5151654824706
935.7936731455486,921.955758382528,933.9205484377609,952.7322528194799,928.8461884629464,895.8373396498583
934.4676511443192,926.0643157491963,927.0785330968951,957.5129422589151,930.499540767328,901.9098168635566
937.1281852609253,918.9240040758776,937.0320615349204,962.621936361683,932.0552973159078,896.1031449112568
940.9811306198558,935.9182621294543,939.0178474859819,962.5139113392768,938.0249545104512,904.346287150654
950.8504261581528,935.2483185923346,949.947530513771,966.7234744556549,944.4826889998765,915.0610343151059
964.7599097597449,946.1766999220215,956.93332209321,992.3002638749431,953.4404263034905,906.8369703660892
960.8594999055529,951.9933652443165,959.0277991479827,990.4808595587936,957.9805606205964,921.857498311394
968.3168214013322,958.788534346502,967.7559602808919,983.0707883936659,963.3918797144374,937.0847341034996
967.4238202686604,952.7124265691182,954.2027880371105,992.2698262039876,960.9793741590013,931.6706243180568
964.9875627988797,954.1615867343326,960.3827255211262,991.9168443533918,957.2927567791185,928.0734199431683
969.4217963128375,960.0412812773185,966.1627552839427,987.5178457669432,963.2727404025345,937.0016180167778
975.9468684785061,962.9299524223505,973.9771424316573,995.2147598083666,970.0699488578,939.2211820791804
986.1074723424474,971.700275260731,984.3168087112089,1008.6446946847086,979.1469755714331,940.0844118400289
985.6502717426482,977.1090376973764,979.7270159460771,1008.9704918791206,982.0219123286431,951.5994140616501
981.8638819547357,974.3941746110423,977.0371754555686,999.8337087354066,978.3820957008229,959.806355262994
979.580738938157,958.1093901203286,959.6457114666123,1009.9298105271471,968.3414434610904,937.5771701233432
959.3174769813513,948.756550550586,949.5575959067447,1001.7777583286572,954.6016536866784,921.6970702071733
951.1476374541578,929.1322933377544,930.0869808450925,988.1250487052464,939.8222883759186,906.6843723373249
945.894625233214,925.8229606811074,944.930847446533,991.0811494049744,937.5089141458127,885.8636277336997
957.4105785938516,940.6601612882592,949.3903560841625,988.8377474240162,947.1606017653477,896.7825427797691
956.4510022840891,947.4822233564322,955.8418731126892,982.8400574554007,952.6161145984258,918.5420668722779
964.3329782414853,949.6875979685927,954.5384978087011,984.1604593706877,955.1901854606951,925.1250613693145
958.1166110219789,952.3966257223897,953.9906325048988,981.7193466208578,954.2645651568,930.8059326896538
958.4043443747971,935.4644158836028,935.7393286739218,987.2153821031127,944.8649805894104,915.5655976261543
943.0080220824267,924.9539365122735,941.7655532485392,992.1525575326874,938.7524409612306,889.667522379319
946.3644396737767,937.8158467465853,943.6943187636311,971.5021896367233,942.7299360060853,904.9954933933623
952.8014018805485,940.9604773443697,952.6007267072366,970.085260006517,948.147522735434,919.1114663480921
956.5387831657084,937.071675000058,940.3977849006048,986.2522917417717,946.4992558039208,907.9822099871993
944.5604485620072,934.2110786688031,939.786384139551,980.6232343120354,940.0920845200781,906.0820391648998
942.5208316032036,931.8879779649833,936.4022517858352,964.6401903745593,938.0943179626933,912.1846315459989
935.6796843852175,916.0292841599309,920.4078145060025,969.6523589829685,928.405033145919,893.9442243242017
919.9312352874458,909.6132622245266,909.9560876994594,958.040553515545,915.1819511027311,883.1196202950312
911.8052569979857,901.8165977135611,902.8860400342244,936.2880814429008,906.421063866842,885.521500574542
911.6814710598261,895.411527798934,907.2168466700771,938.2034643357476,905.0514433521508,872.5569579724565
915.8632270048,896.7997182690406,914.4362984147085,949.4527736039256,910.8265725423929,861.1191436122972
921.2635099908093,909.9753829541658,910.2225511667168,949.1850746776408,912.3294247907128,873.3059852466338
913.3303577776393,906.8730478842347,910.8644647611588,935.1348609106842,910.5435079639379,890.7712685855643
911.7562104755852,894.0027539138547,896.2758517042805,936.9515028373598,903.5701582327198,876.4245866995225
898.1557694542009,894.1827296447237,897.2756000501943,926.8658377496529,896.7757258772375,872.5495968216342
903.7717579040924,887.7020359514836,891.6440701410012,921.1594796147624,894.4598350955978,871.0525752095481
900.4548796541186,888.1972168888502,897.6625670365562,930.6688526832163,894.6533185887788,859.8503908885241
905.8980889729756,897.381067533742,902.3129452459781,924.0753970112796,899.9877561412673,872.1386865000254
903.1915256148102,896.3801078882509,897.6480240502185,919.9392543488198,899.9804846480984,881.6181564343384
899.5260241717598,895.5544841268237,897.1857371560423,912.1763008939774,897.4168806031305,885.2189064652399
899.287127743461,893.5155090268661,897.3357564314045,909.1771023147596,897.2607467937235,884.8192054109329
903.0546676580394,889.2694243202052,891.5377024117032,920.852366474343,894.436729421554,871.9602113382709
904.998869353603,889.8860617389871,898.8486253801095,933.158094247158,895.1931638959065,860.9129668660337
903.8657957860985,893.0773651598295,901.5014434614733,930.5255908501842,900.1750344207916,865.7724952479728
903.0329403175285,897.346128987337,902.1344437502519,920.0073440330484,901.8179436058628,878.819239141898
910.859396358433,898.6350151379702,907.8787891741886,924.9579077900828,905.0066164622203,880.1799264134481
913.060677351666,891.642051869712,896.3583366813699,945.9398288280105,902.1185629277793,861.8323120719696
899.4494573606455,890.8363863765195,894.5068831624301,936.5824024892268,895.4326099219,861.5031613240277
905.4495302219065,893.4328931447816,902.8810120704479,923.2009111851933,898.6939476164391,871.626641032067
908.8406880723874,891.618794174764,892.268732883004,936.6286441299267,897.5748724767261,863.5323166930573
895.4634068420031,892.8943615882054,894.3268945104638,922.1114093294273,893.297813696734,872.6340614508757
894.3277214202344,882.687346971031,883.6723229858372,909.1849248840008,888.9996087481506,873.6613756264992
888.5582316773103,879.7891230064627,882.0244788740304,911.9721955713801,882.8484009299339,860.9484877712537
890.7415062822843,880.1485706160572,883.393520615865,909.118762480822,882.7089997449477,860.7136516381364
884.8477450703099,875.3989260195075,881.5804431964751,907.9504644386906,882.4869819061701,857.8460776461181
883.1776254420064,855.1477337193982,858.8723914329039,921.9940885502931,870.2264173146896,828.2973116167677
860.80959114559,848.7471899999731,851.2185753340515,912.6229840846065,855.0454833834777,812.3922519140448
849.1925488577764,847.8122451257342,848.2921380085206,868.5300082549238,849.7553566712861,834.9232460607772
860.6409842804793,845.5342523739414,860.3886286197579,871.5386821884148,854.3403833141393,830.3210930919658
866.0584971153443,856.7644415264474,860.3755100400629,887.9344237999792,860.3820693299105,826.9324550613935
864.9420441080772,854.6186899799059,862.0291995854493,885.2297947452253,861.2023548127561,836.1862704525561
864.942600152279,855.4564860103015,857.2651108196791,884.8660720000603,859.6471552025641,835.3424013246896
865.7269485111282,855.6100579751019,865.5474947417272,885.0495449761111,861.4063027807031,836.0420332811029
866.5063744983732,861.0960708078294,862.1495936935147,881.720259539566,863.8485442176209,842.902273973142
871.1071345718522,850.8152841571062,853.7893797556599,894.7649796083847,857.9694867245872,830.5095943451618
870.3278491862887,851.1249051204483,867.2659229283477,910.665624357092,860.5276513420038,811.9286381556275
871.7522675857908,860.9540920512594,861.0404964015293,901.3226822886892,864.1532096649385,826.3198832877608
865.4746235438108,855.0273928035709,856.6663270729797,889.9895834195597,858.8534117372544,836.876067732633
863.2377953376955,852.8373929918596,853.416836760884,885.3303126098047,855.0415819169318,833.2112298946167
858.5396980058306,848.5294537756213,851.1065651274041,881.421125683792,852.261700944144,830.3945092436804
876.5475076360117,847.2958820655714,871.996461783512,907.36053884269,861.551513455458,809.2058643410675
877.1961032060829,868.6467647736657,877.1801841832041,915.2110014726677,874.588322983358,820.7085914655256
879.2343270206826,875.1523588547069,877.529342252503,890.8978851578288,877.3547632178536,859.3196186618483
895.291577609099,870.4366732175414,892.2336903147423,916.5591873359153,884.8815162836227,844.2170059420837
893.4503462061903,885.2932207030974,887.7889841122245,927.7702643599448,890.0113372134833,845.2401896233202
907.9443743000791,882.9194617769244,906.4806636190468,934.266495455966,897.1348238656356,851.3114003903488
908.079118961761,897.553658945867,900.7558200002272,943.973164044669,903.6182418096369,855.0972326970491
902.7374802542441,889.0071876004839,890.3287861244654,929.8306240776494,895.5423030623461,869.1912424035156
895.1515873894916,886.9651595010606,894.4742936113029,921.0040763891143,892.4015398678839,866.212275033638
896.8072535465042,888.7708878508071,888.7904702433802,912.2759890048933,891.6323819273414,871.7190050445747
887.8482635441011,878.9036357131249,880.0618147651674,909.3902058448754,884.4261425042737,866.9377220281938
900.205551001441,879.7966264612169,893.8336442327932,923.6597461558745,886.9477294989802,850.2758652278753
904.0714631428642,889.3339027038534,901.5962275729718,937.640102097663,897.7149359028824,849.7738896495771
923.9946146856861,897.805768433993,916.9118634799879,955.4570249375201,909.2540455264798,853.1410082107618
919.9453087247463,912.2755484837729,915.9664358785037,956.2371455248207,916.4391496792457,871.5906292931561
924.988613667596,912.1905021674161,920.6464449276646,943.0560927904813,918.306440403084,891.8864134375997
920.4279793497008,896.7511835714646,901.5851127978827,959.5808526581878,911.1157788627736,868.3935844621492
911.4750209419326,899.3400142309042,899.4961731155972,952.153119226502,900.5406429567399,862.6236130033423
911.850459471927,896.7998775474307,909.1624037779889,939.0548930189352,904.329288446793,871.090921430125
918.2340437612352,907.6587526552556,915.9532265540673,940.8546176814967,912.5578151660281,876.7899351053086
922.1013044623518,910.326093271872,920.7106884925173,942.6550945902391,918.3319575232924,886.7788388490924
927.924196185184,919.0704298765966,925.6809529262698,945.75983701615,923.1958207093937,894.1873932684837
929.6674914109791,922.5247025207627,923.0869498741065,944.8623859042104,924.3839514001884,904.8709979072028
925.0167353381568,913.3802208096137,916.5943955999818,946.222617955079,919.8406727370443,899.2743594081821
915.2843814760959,911.7753913763884,912.0703553795005,935.3764580150906,914.3323754897413,897.512696444466
917.934791199264,909.483189755118,915.2261677677786,928.6160048315874,913.6482615736397,898.7145259719554
920.5282704530463,901.9403107576317,902.2789116884416,946.4997644137607,908.7525397281103,878.9008615648607
907.654201243321,899.6194269677279,901.3561919913874,940.9392755535375,901.8175518399146,874.3824406260198
920.2457261126583,896.5854301143588,918.3043267094608,945.9888791168971,909.8302593504243,866.7512034321672
919.9208281899803,899.8296007205108,906.0346753720106,964.3647450065873,912.1695010407359,854.9859363371665
915.5555115468411,904.0060217392618,914.9446094923115,949.674016617781,910.4896424321612,870.5722234251607
916.5893175968108,902.6202536929057,906.336807526642,941.7715410245016,910.6407085094769,877.9751567457922
926.4367891202353,903.8542423796831,925.3972227665871,958.4505560755788,915.8670151466147,867.0715294644374
929.9855784521211,916.4126720041132,916.7892635456282,964.7450402462619,921.0932431561077,874.3564072748636
919.7110431585654,913.4516862041922,916.5469195818747,944.8017215371583,916.6680915637515,895.2210630312076
923.3628837009222,913.8837212459839,921.8700174335468,937.3457626551838,919.2084685077109,897.999464131907
937.2213045549737,919.3446305208596,928.4760260007577,957.8689703556154,925.1730217171523,889.4793791329862
947.2497992278485,922.6181916539919,944.1062598711666,985.2404360872831,936.2911429359622,878.9697320673581
951.4318248132917,942.0280267694695,948.8896275425799,983.7473912652382,946.4979437068732,898.6588772210431
956.845976561847,947.0238901378132,955.736119432755,973.4621610254544,952.3128734876675,925.3974498558164
959.246752103125,932.024986081444,934.334623533182,995.532701871466,945.0353714829686,902.9230707571809
934.4820376146814,913.1133980917705,915.1463696953872,996.0937554158293,924.7404966142847,874.6177415543514
917.4698313114533,901.7568554038394,903.1250678528353,963.4404077626414,909.1357187741113,870.7363691863311
903.4026928057912,891.3139040763638,891.9582994114808,938.4551696259989,897.5416836321581,868.9507580333975
893.2057390493449,873.0258280600428,873.1870401058742,930.8849065389302,882.5726697586775,850.2131572421084
876.0553992753789,861.7031252354774,865.614115932653,919.5118543227355,869.4005780192637,833.1813917497284
874.910503098845,864.4423849915167,874.4175902452337,900.4848811115361,870.0158530889435,838.4339007434635
878.56629207505,863.0000738333816,866.7470877435748,902.9748669731503,870.5823389944044,837.8890261006607
879.0860184624231,866.766056411845,876.0247679506988,906.9384056267555,871.3859278471369,837.2229548961413
886.2361967549517,872.9967363759872,881.2254202419148,908.4071045840722,878.625094096307,844.5085485102177
884.9233476202127,876.7355017521448,879.3533707609536,907.1447701564146,880.2893955014343,853.5765045388357
883.8862656249747,870.7912736835805,874.6620997822973,905.8234266206756,877.0077352716256,852.6163320970225
875.1618956487118,857.6022603593498,860.2054234330262,910.4543819006401,867.433761607662,833.8178138237513
866.3281601209305,854.9417354339898,865.1247314547961,899.9443578953988,862.6650774439113,827.5792079546438
868.1622402782185,849.9378693930507,855.4622857727463,897.1246294804707,860.2935086137713,823.0976405502015
858.2011442020694,850.5667827241145,854.0200312230874,889.2678441079238,854.741158497917,824.6210132001191
860.5194509834636,856.3024434199671,858.6489725586965,871.2561332948501,856.3345018908922,841.6277106912237
865.4106308817214,858.2089651375543,863.6978325934508,874.424162581796,861.1734025760738,845.8774793126388
868.6015421976323,852.6635074261005,855.6173726297492,890.3234552728618,859.6576026116002,832.4742039836165
861.3290259835891,846.2714040124614,850.787050858766,896.2412970134224,853.2022117442577,818.7521551567756
859.9473000870813,846.6447207838772,857.7391359934315,889.2348336567247,854.263093426099,818.3343304708972
865.8115914127726,855.9783306672265,861.0426604559019,886.1751354519124,859.3908982246669,828.3355353300387
862.0822005688955,846.5389580811071,846.8800631321507,889.5209537640659,853.9613617940265,826.0796956807316
846.565693190658,838.5896323349788,839.8513845509377,878.0223980748908,843.3657238415444,819.2241397162238
841.9932692928357,818.3162874168374,822.7475851570008,876.3079232741075,831.2994848539695,797.1753164449156
826.1058229830251,817.9486243228494,825.7856651123144,866.2618472793706,824.2666251346578,786.6763959389374
830.82914809129,822.7652978210531,823.4609523257658,844.7683313514312,824.6233087190403,804.2157090254016
827.1295898112411,819.2445236673847,824.1413306256894,845.0053735660562,823.8011414757278,805.1330825308248
823.8467757808761,816.1658500546129,817.469225763539,841.1279123000686,820.8052781946144,802.2129326247714
819.5895195958207,806.4682336922236,809.4758817350801,842.6622132965699,813.4725537493098,790.6566842219213
814.3080516405254,785.6100491354896,788.5238825808685,859.3887156747637,798.9998821579745,754.8404946531837
791.405752918303,783.8684248120323,790.9333563841151,839.6430582302053,789.728619482492,749.0547317019409
798.1209124484883,789.312491559262,794.7408957706504,811.194022633503,792.8371260773829,770.3296501447621
799.7685607031026,780.5744174085775,784.5311541215752,827.2293008480971,789.6360249461129,757.2228903887201
790.1300224229348,783.3101789863236,787.3036641471176,821.225961427109,785.9174091343466,756.1909945992702
788.5475925338112,783.9987335108415,785.8098369279763,800.7502278911206,786.5567505375471,772.3284717421702
795.1678752054303,782.59317975812,783.4283130962775,809.0946665353363,784.619075012127,766.2857803596378
784.2932757864864,767.8449615572679,771.4324619068026,819.0281110372302,777.4303875015402,746.4705868459098
776.111247639611,765.4939275428793,766.94247038633,807.5153255086176,769.1874661465664,739.8512396937438
779.0598247295376,763.8843573623267,775.6966689225283,803.6007038309183,771.3195696544292,739.1187351710637
777.4587710794216,771.0336562148412,775.1366245405601,800.03579641393,775.4166467315442,746.0343408344538
783.4308731170113,771.3207529490871,775.2802235318073,799.1010436444051,775.2084240361837,752.7629560631458
782.7119853974848,773.132622411456,781.6902854137979,804.9142196901898,778.4852544728026,750.6905118053096
787.7686437922839,771.4617016678775,774.9277866523095,811.356143360729,778.3090360330536,746.640380584643
776.9175675993087,765.8565546323604,766.7207945385636,809.9609067395572,770.8242905954364,741.5410190111724
770.8338829024594,753.6330993472521,758.6524226060395,802.4109033311282,762.6866085723015,731.7564120257412
763.0280957269115,755.0997366531819,762.5892752467953,792.2956164195149,760.6208489264172,729.4727598471748
764.2872998831867,753.4299711164564,757.9252146466246,782.5624614901951,760.2572449467098,735.5982418890472
762.8476034545957,749.2856318614627,753.3741064476642,788.1860565216095,755.6496605471442,727.1378056219528
753.3031699783841,735.2822301503658,737.0657940110979,789.9980953197877,745.2199502293809,711.0408167669111
743.7740433516699,728.6513698463127,731.5729478377631,782.0557017448489,734.3193709244304,699.196668411412
737.4222583008944,725.933430561719,735.8172053430474,767.455169767833,733.695076590405,700.9264166565033
744.4231326309443,732.7075390856925,741.9548973087283,764.3102358130379,738.8860513258876,706.2991826019716
763.2660420630692,742.0270746769999,761.840280792014,787.1917400721934,751.8975890503709,704.8053377438923
764.9970445295301,759.0707893795195,763.2837403674772,791.619481446507,762.5620105797454,723.7064251063092
766.2205316630386,756.8592615123117,763.5811650756747,780.9768942773875,763.4324527215758,742.7580810255458
765.6694919508269,762.9383782806143,764.3407296849115,778.0998121777995,763.960947380293,747.8688526254527
767.5907529135308,750.6022165830676,756.1036740792662,786.5447532646824,760.2222018820887,737.245628262995
757.2467330486447,751.5890458294111,752.501327394567,785.2762824223079,754.3025007369165,728.660723548068
772.4352173879106,752.9275217676371,769.4294133662412,790.277054473908,760.965370380404,727.3635973751424
769.8551750475178,765.3200806374144,766.9568705927711,795.4508652335144,768.193141979506,735.3438901575742
769.0926815152451,764.3020122923759,767.4577057226516,778.8280562607965,767.2072881577112,755.5136471783671
766.0653057032865,759.0303384836164,761.7349683396287,779.4520481024275,764.59633703114,749.8879569960814
764.7947798608966,744.7368966559702,750.4242582622958,792.8218630026322,756.0796133009621,725.089736941143
751.8572259111247,744.5251370435514,746.2469371421984,786.018420160229,748.335597702247,717.5434899789816
747.4673464215113,741.6288801945327,742.8633535936348,762.8916591192026,744.5551453679166,729.965271382825
762.116546825545,741.8320332524589,761.1817669266288,781.2114054241035,752.0225602601317,715.9039559239442
762.5512550664012,752.9366003662968,753.3491580608744,792.5676545972366,757.2654624937516,717.8197339142628
766.35425085104,752.9547690433666,766.1026114383644,787.6460635365374,759.7258847496194,730.1107222670954
777.5772147135964,767.1130644502291,777.4396130354245,796.0184280055362,771.7711122368944,736.3593478279367
793.1721389245939,776.1170878503091,787.0428298087725,813.1501196107199,782.2412214220984,744.3521162665919
788.4420021572761,780.9666020450778,787.8555916248018,815.5584829864496,787.4492107167871,754.2323550202442
790.0471250715382,776.5800996502533,779.064861152408,810.3383610510375,783.4602263886048,757.9822972173321
786.0463266029301,777.651251626755,784.4270215853086,810.0696622621978,781.7459413688582,755.4144112685501
785.0626570918643,776.6013552409843,777.1288226510578,802.5017840423305,780.7779221181831,760.3608419746952
790.0481916304478,775.2733367576117,783.9578289902956,810.9768833611622,780.5433258206767,752.8864915518742
785.011418598626,776.4730794315171,777.6297290386423,811.0291453946136,780.793779014469,752.7461602947533
783.6793884123515,774.0104899397293,779.0712975344413,802.6593463828513,778.3505132865419,757.1412522835258
793.3268069310012,777.2363767795453,791.9635552097848,814.4872896815007,785.517426372113,750.0889681213077
806.6840293548145,786.4684388847231,806.4022837340306,836.7328019546094,799.1829194719077,745.9677504007436
817.0605784729817,802.9133096212082,812.6275402003865,846.615228284158,809.5149119672085,760.7080799794985
831.3747192260954,809.0059756111777,829.7895210719457,861.1622369132442,821.2085306361661,769.8722057465191
832.3143946395446,822.3170091273463,829.7902009369456,864.5761180589354,829.7898610044456,783.6607952411481
837.0685399958237,827.0146150400604,833.024402892768,854.8639256110075,831.4073019148567,804.735649441106
832.5285662219201,822.9293791982085,827.0720621540519,854.5680690585793,830.0482325234099,805.4352891098947
832.5609690338141,820.8707365225807,821.2670422184791,853.9725014000667,824.1695521862655,800.7489525627068
822.9923036157575,802.6572892031686,804.3615587067804,860.1389042568836,812.8143004626297,780.0757869473305
809.3013798078002,803.1628573525107,808.7338845116223,842.8981151828414,806.5477216092013,776.7142730131479
808.4998182626168,803.4214927235564,808.2181433678154,820.1568150559069,808.4760139397188,792.1146950700347
817.7003299405892,806.3236449445544,817.4887632884811,829.6507802585979,812.8534533281481,788.5132539208626
822.5102840029551,810.1581903909379,816.4144646539052,844.0072328651038,816.951613971193,784.6852863449764
816.9864008929427,803.0453570124727,804.9229840929701,846.2548992192862,810.6687243734375,780.5220554880707
809.0862264212947,801.219090463585,802.1030807991899,835.0028967893129,803.5130324460799,780.4824471938662
802.5253683350126,801.2327657800712,801.5572420418065,815.0050125477052,801.8301614204981,792.1056662660801
822.0306838274153,799.8499627967834,818.2096669302246,836.0557334006678,809.8834544860155,777.3724244367376
828.0336843856977,815.1315319720702,824.0352744332445,860.5197073193951,821.1224706817345,772.8125237087495
832.5907712514663,819.302092167828,830.8755080468949,856.7112681624822,827.4553912400697,791.2341894193205
836.0589153661052,829.4628899931577,835.4432752097257,854.342571235406,833.1593916283103,804.6308100939443
835.8686871901169,832.4476832484514,835.4714373397142,846.013968084281,835.45735627472,820.9713947977513
836.7194942477561,826.8118907775286,830.0642081907588,849.6887205147301,832.7678227652366,816.3672019850005
835.7082163032643,812.1982557210259,814.0312264967724,870.0258330153785,822.0477173437657,786.4819228842167
828.1643705258238,813.8450957715894,826.4925061575367,870.2258074513409,820.2618663271546,775.652719110162
830.8694558378137,825.1445167582865,826.4714026136966,849.7057908511148,826.4819543856167,799.5952562667139
828.1443992372957,824.3903530469297,824.4582412925853,839.0142322914159,825.464821953141,815.3167691166859
824.4703682874112,820.038030244324,822.5809254480372,834.5142422204339,823.5195833703114,814.0482816368037
828.0810610342655,818.3875872348964,825.3732021240855,840.4705423770381,823.9770637860615,805.1560127709001
829.4312071324257,822.28324858607,823.374228218811,845.6855696076522,824.3737151714485,803.5819887433432
845.80574195694,821.2147168691694,837.1981624790047,869.7511457853627,830.286195348908,790.4036867000501
839.0951770533754,826.9844321172232,832.8103460642092,879.6030167283011,835.0042542716071,787.8485916684969
840.9742917462451,831.0549954631134,836.3276076105178,862.2116548347283,834.5689768373636,807.1365517865215
843.8029566796508,823.5164448638748,825.854482628083,872.9001073021562,831.0910451193006,797.38558705489
839.9351895827579,822.9211061732592,833.42828779629,879.5905826437486,829.6413852121866,786.339094580565
833.4120512623065,826.5926801156812,829.7783358960285,860.7091746684799,831.6033118461594,801.1255382781733
834.6367582413768,824.1792387703028,832.7470538315566,851.3952360085704,831.2626948637927,808.2030094643253
839.8838357363672,828.3769950672096,834.9553575814462,859.3699520103231,833.8512057065016,804.459051659747
842.351310916499,835.6397610874175,837.8932636629324,859.4421768797009,836.4243106221895,813.8962006341061
841.1363323110535,833.3606577123201,839.6574996180896,856.2939976146115,838.7753816405112,820.0759365450773
854.1977236678534,835.2392604368956,852.6096919329742,874.6500202519125,846.1335957755321,807.8146756776873
866.6326772433398,847.8512257602447,865.6932415919565,898.5736054882444,859.1514667624656,804.2238187031151
866.1321706507787,845.1424846767052,852.9076019306234,906.6167538874745,859.3004217612902,807.1889102445559
858.2181520521502,837.7494506599973,842.7527275329965,904.1380358662343,847.8301647318101,800.4920674506711
844.7683947110969,825.790635917015,826.3426898977535,891.4023608555683,834.5477087153752,792.7862103899841
827.5655206620622,824.093150071025,827.0930518762257,858.8399769277383,826.7178708869898,802.7146534649435
830.3766502653723,821.8886631027779,824.2998575747393,840.9823477007219,825.6964547254827,811.0814533166456
848.4571490425047,824.4606056853863,846.49714927139,872.2892439518505,835.3985034230648,791.0779176525713
849.9347493395605,838.2684117213171,844.1239633950518,885.283659905073,845.310556333221,796.1264574666711
843.8049936405748,837.2580969042695,837.4224061881765,865.1892230134013,840.7731847916143,819.656137127032
854.8407770478055,834.2912166347579,853.5351817455041,876.6948402187668,845.4787939668405,808.9536973453871
873.9891378694211,850.8597131579547,872.0457407090113,908.6540983119883,862.7904612272579,799.456635500706
900.8696742823411,870.2222154239349,899.387025321568,942.0467765423937,885.7163830152898,807.6045676177152
907.8251244504453,901.3664177109616,903.9873399747166,942.0069541823,901.6871826481424,849.2415401875784
913.5138974375084,900.0560660828445,912.6351061924302,930.7089718236452,908.3112230835735,880.9176265882793
914.8123866354853,909.4239480997134,914.6135389631128,933.1251939086833,913.6243225777716,886.0095191825967
926.2950485844178,911.3085124116258,922.3824161031653,941.0668310878214,918.4979775331392,890.1293943164144
923.9469593840862,903.4271399741763,910.8809926263867,960.9800016374676,916.6317043647762,872.2141126807156
931.1117065593892,907.7387580371285,925.6154574237815,971.9496055110124,918.2482250250844,862.2176856805888
928.4414109029603,921.5136287580486,928.3943884540532,960.4003177298068,927.0049229389176,884.6484910618789
929.7992738963248,906.3323242858384,908.1884297333518,959.8409403743635,918.2914090937027,883.8541109858711
916.0844931759157,907.0911860161887,911.9827322255413,955.7464250230464,910.0855809794467,874.5957830975156
921.6349884370964,911.3771707335892,920.4061393224704,938.2126319138468,916.194435774006,890.0848197557643
922.5400653561144,904.0372465958362,908.8095760792854,951.092997091286,914.6078577008781,879.1914059318256
917.7416610860143,906.3851549647374,914.2688870773504,950.258319957388,911.5392315783181,875.6100077535029
914.5633326162268,909.3199616567895,911.4855146572862,932.838150227501,912.8772008673185,891.338457525718
916.6577423819617,907.0854412496357,910.3524925454184,930.4915256819849,910.9190036013524,893.4523454525793
914.09376519529,904.7695423032595,909.1153153377868,934.3703197630527,909.7339039416026,887.1290097021645
908.9182848492871,896.5931971157695,899.0711539464,933.2872709521589,904.0932346420934,879.1639943882917
903.2362900875709,886.0078973168112,888.0684356010419,935.8807934581578,893.569794773721,861.9970921974676
888.791996517072,882.1887539121806,887.52060245932,920.0362892810751,887.7945190301809,860.4572008419505
886.7919234851448,876.8621282220493,879.5226095986775,904.4055257130682,883.5216060289988,863.0729310431036
881.8258131362674,866.5574456654765,869.8574198368481,909.6962745250114,874.6900147177628,846.7008676902983
869.0791063654464,854.3046216407769,861.7261974559829,905.7553092357102,865.7918086464155,830.6481787470623
868.0225218960322,857.0255868353441,864.7886666985181,894.5189987424857,863.2574320772505,830.0904492790946
868.5543256007367,853.5001167801101,855.538740611123,894.5412754896468,860.1637036548207,829.4134157863633
862.2342120520893,842.6366793660342,843.4401976985802,900.4028884228715,849.4894691548517,813.7735346561703
844.2883224787167,838.7157636900653,841.5203014274314,878.6750840387713,842.4802495630058,815.7498553520077
858.0712834347088,838.2220926237565,856.1776599933195,876.8522692049701,848.8489807103755,813.2978952059635
859.6856029663385,850.7236295214625,851.6627382679159,887.968830674286,853.9201991306177,815.9409200347183
855.1928691781458,849.4740882180852,853.0923597515151,872.1861334729629,852.3775490097155,835.4842474606244
858.8973985205853,853.7500657159873,858.3619786433096,867.9459030815942,855.7271691974124,840.7806186699506
863.062600084445,846.114243314317,847.765039756352,883.2592205826602,853.0635091998308,828.0199966458483
848.1925372914747,837.5957522952586,838.921853159732,883.4073828249882,843.3434464580421,814.5445284091314
843.1344217080015,837.2370056662069,841.4241056518337,862.2449889410203,840.1729794057828,821.009486345997
849.6750201420248,832.2684784978636,834.4906354706733,869.9095175489115,837.9573705612535,811.6496233340251
843.8046013216317,832.2577979828579,843.4668675114563,875.9528458849727,838.9787514910647,803.5694834276385
862.2889801696908,839.6479062906325,858.9738218854417,887.6154136785542,851.2203446984489,802.1457206339771
861.7765177937006,853.8735108502487,860.6469925075226,892.9144313501438,859.8104071964821,816.5542292938717
861.3685104829503,844.8845116756577,847.4199737002217,886.155175303016,854.0334831038721,825.1876609261581
845.1421855570819,834.4423842398335,834.5749894170305,880.666562112566,840.9974815586261,812.7070618012165
837.824551950138,834.8590056145574,837.7632751072654,855.2221372385588,836.169132262148,821.0587681064897
855.6246004282306,836.6411841136348,851.1892260458129,868.8917477760689,844.4762505765392,814.0193411506315
851.5163007226022,829.4218850247026,831.0245617598215,895.1516449845656,841.1068939028173,792.4570649533308
833.4577939131291,812.8570776938783,813.343309336318,885.730371887943,822.1839355480699,778.9925420950706
827.4305242690824,813.7896777492807,819.5141769694752,865.056877931104,816.4287431528968,779.4529710834763
820.5190478795597,813.6801481664995,816.5885919763158,844.5965267714025,818.0513844728957,793.3971611892514
822.0221928347114,814.3100522325129,819.9367604228344,835.8866283522948,818.2626761995753,799.5090275641517
837.7087671515151,820.968633796598,833.4805822937615,854.5230508783413,826.708671358298,793.3923659855561
835.9212461018127,822.6788257794341,827.2768744368849,867.0722381505219,830.3787283653232,792.1158539572864
848.7906739572155,825.8064317512263,845.5651505955893,879.003815470255,836.4210125162372,788.4371591493391
849.0155252525184,844.2963853890833,847.9751270806397,876.9350977536906,846.7701388381146,807.6766425801335
856.8701608842184,829.1869651627567,835.9373375005532,885.8128580574578,841.9562322905965,804.8070190952192
842.2609412752677,831.1255729972136,831.5094921825932,888.9127416715222,833.7234148415732,791.8663316727361
835.343031194245,829.4087063137766,829.9199489313213,855.9669325206676,830.7147205569572,813.2926996243649
832.5203315754097,828.2796305901212,830.7349120082724,844.1386895253045,830.3274304697968,818.7011248609158
832.459019798935,822.7022719110178,823.4123116778835,846.5554663092241,827.073611843078,811.5618441262134
852.5830538007493,822.1394449329991,849.1885187798531,883.3323201326659,836.3004152288684,782.8314282435009
866.4203393155047,849.9694421246336,865.1675117386317,907.1072908388683,857.1780152592424,789.8710256923183
867.2525916594967,859.0220808870366,865.2998420820115,891.7147899282968,865.2336769103217,830.011270019972
878.1748256533025,860.2495718247173,877.529395282859,899.0935455865456,871.4146186824354,833.7041340839359
896.6243340499724,875.8148523982334,892.2227103805351,926.5634619254251,884.8760528316972,829.7266232246182
892.5520044431992,877.4850060726707,881.1588290553324,930.8372189233612,886.6907697179338,841.1460188676958
889.4334983556229,877.6379951827115,886.2542770995648,918.0622439993685,883.7065530774487,850.9059901407722
896.6774746369532,885.2561311379177,894.247954054313,916.4242755187036,890.251115576939,858.3821588388396
898.1734563153626,887.7186844312275,896.2232914262528,919.4359893843223,895.235622740283,864.745700926399
905.412133930917,895.5015459838997,897.1238504504009,922.2738969671914,896.673570938327,871.3604973893138
900.9154117218396,893.6936426869213,895.2923878829259,920.3797301078203,896.2081191666636,877.5488376529845
901.1197688522559,884.7330319862459,886.1769997731976,924.8055200595827,890.7346938280618,865.7842553072651
888.0021336088475,880.7023551807729,884.1416088052156,918.4279565107083,885.1593042892066,859.2116682754998
897.6845060101266,881.0247677510889,889.4489868961639,916.9890024252755,886.7952978506897,857.0902107074978
893.7542063137114,884.1838455308331,893.320516838919,922.1570093105612,891.3847518675415,856.5817617057744
898.011543612023,884.7736727907019,885.093762336319,918.8409186320496,889.2071395876189,861.820339621554
892.4782733033132,885.3718761532787,888.6242324625255,915.7158783366541,886.8589973994222,864.8552084082679
894.390510469514,877.9679011874475,879.0260361416051,917.1439752142082,883.8251343020652,858.3214591339589
878.6532792628744,876.3484126532996,877.9670904864618,905.4045690760157,878.4965633140333,858.5858793469158
888.8277942253944,871.7985240574768,883.3042847499634,903.2424123968644,880.6356876182124,854.9070704531365
885.0916943900996,870.3924471069263,876.3844293636533,918.976055264728,879.8443570568081,839.6547616370037
877.2068430636291,865.9874867935694,868.7986742330262,907.2631627131681,872.5915517983395,842.4666538300885
878.5840114757372,863.4664200495938,873.0617626100321,904.4357748903137,870.9302184215289,838.5934056498093
876.0576250694302,867.4144819108935,870.5078570893941,901.2555917788964,871.7848098497129,841.8537553171996
883.296299611169,870.0667549859709,882.6606400178682,901.6923179983328,876.5842485536309,847.0105985389989
882.9498820113603,858.7409958606435,859.3935632402461,920.9978366139233,871.0271016290569,827.4017596741389
870.2689709180403,858.3420488072406,866.8067326596328,913.1640220215295,863.1001479499391,822.8245013677415
866.4875131015068,860.976948781993,865.479224575172,885.9155993439541,866.1429786174022,842.3218832681736
868.747448451886,865.6917009694142,868.1758685006643,876.2067547660222,866.8275465379179,854.7909752610611
874.7983137598934,862.9121770352609,872.1609421078191,886.8014514735621,870.1684053042414,849.4467409558044
876.0666904850342,865.0746032033679,869.4989622040966,898.4614233541511,870.8299521559577,841.2658633384074
873.4592747652299,867.6214540426629,871.3129337756243,891.6818594681711,870.4059479898604,849.6070894575911
885.3710735531222,863.708017433829,881.2816919226689,907.2039309001407,876.2973128491465,838.4517387954935
887.9690849159236,877.2434144611047,878.5677644563291,919.3922821996,879.9247281894989,838.4204657643231
880.5296399127451,869.753757406891,875.4607328552687,905.8824293411908,877.0142486557988,852.1285469395118
873.6517282013829,867.3870631304789,871.7011055691611,894.220116703455,873.5809192122149,851.6187477615631
874.3030985748162,858.8750868300493,862.0812323466948,895.8299655042498,866.8911689579279,841.5982734650757
875.600821365584,861.5538425471644,869.9050688809,904.6778707728781,865.9931506137973,830.9903943649152
874.7233928578449,845.6099178352341,845.6238951731308,918.9288396045781,857.7644820270152,811.0277050020054
853.830040121753,845.732721145173,849.1481163458993,902.0187809662659,847.3860057595149,808.9917959682921
853.187197857845,847.4362530744435,847.9976543217713,867.4149090343542,848.5728853338351,832.7942496344035
852.1526748098432,841.5071939366989,846.6802817631412,869.1527218347362,847.338968042456,828.1616576933745
854.3841875145498,839.4260393656566,850.9420610774101,879.0710686176947,848.8111714202755,815.0619960626041
863.2701840923189,843.4389642017543,860.6900099413665,893.9790803927758,855.8160355093881,807.0056602941346
868.0448543883114,836.1108909846909,840.4840794532894,918.2515392906284,850.5870446973278,788.838581055169
846.7333729011139,837.6024095592056,846.3210014232308,899.1019468975225,843.4025404382598,796.439630033704
861.9431273608805,844.1677515950654,859.1706199442725,881.4792846185463,852.7458106837514,814.2134368492416
870.9828267197668,852.0864281026462,867.8101021352845,903.5271781795143,863.4903610397782,811.8477422221788
872.0885115185425,848.560769568236,851.8609975852355,914.4887536367951,859.8355498602598,808.4284022182308
860.3965579891568,850.5282167098618,854.7923185202595,900.0172496531375,853.3266580527472,816.527041579137
858.043775264683,846.7422982567075,848.862441424025,880.5218244081912,851.8273799721419,827.5972786900184
867.2515362492769,845.0840731925192,862.6179148276602,896.4784906584088,855.7401781258422,812.8061404965792
866.0556988246066,853.3587987086527,856.262975888729,901.8987144717869,859.4404453581942,814.7378065400113
856.4886581903609,840.9186673875935,841.8083970967422,889.7756493565767,849.0356864927352,819.1084220597768
846.5993494574188,837.6211014146692,841.9790208652079,876.2829244741026,841.8937089809747,814.9123273603133
844.0709307360084,839.0683919756245,842.6248092950234,859.378656459049,842.3019150801154,824.4266894512184
850.3471402634596,832.8495063030123,833.0554121685334,869.9059727764122,837.8401107317782,813.6555409743377
852.5031255713332,830.6996332871366,850.4182094847764,891.1905885945373,841.7368108266546,792.9377729829314
852.0657491218507,840.6984957306738,840.7080473188328,885.8139495826371,845.5631284018043,802.8870853942071
850.4453901769,836.4244951126637,845.0077130254007,876.8365901303009,842.8578801721164,813.3662189917716
844.808849608555,836.4082406461264,842.2346488782238,870.2071382254362,843.621180951812,814.1533781587777
847.1257889819991,834.372489383609,840.0226727899343,867.2599307543641,841.1286608340788,814.375159352321
841.7756115779941,826.9766858348866,831.8312517341927,872.2308935296742,835.9269622620633,803.3503301759337
849.3090526189025,831.5192426678385,842.7594675215842,878.4505950191904,837.2953596278883,796.9787557837651
861.2850603936506,842.1193164368457,854.6898764971221,892.6565390766912,848.724672009353,800.2676543070226
856.8117384217525,850.6152358647747,852.5221793206845,884.6487760628852,853.6060279089031,821.2431597784321
857.8782319115006,832.7424311303822,838.2782283907017,889.073490443395,845.4002038556929,810.7427320981582
854.7075991911979,835.4895506792424,853.0732171444371,901.2389937431752,845.6757227675691,790.3543705104939
856.9839114985755,851.7251419294867,853.107868419047,880.5572729339187,853.0905427817418,819.3652277313113
861.5663477543054,851.3800003798134,857.5600267841218,874.7970060721427,855.3339476015841,836.1842137131941
872.2174100465755,853.4136620493576,866.8354542631942,896.1474487387072,862.1977405236577,823.672210309436
874.5384049375155,855.2718246740909,860.0948832150266,911.8677259075243,863.4651687391101,816.6919052559217
871.2769762841813,853.1247183010394,865.1010106871502,910.7322028752701,862.5979469510881,817.1851072588574
866.6890749689879,850.7179665290796,856.9594429870152,903.4459994920016,861.0302268370824,818.1375834343796
867.5378280286251,847.8770957727709,849.7061591939921,903.1191520760933,853.3328010905034,814.0395503366906
860.3506556184444,849.842133952933,859.766818714581,894.4034026429172,854.7364889542862,818.9802678395065
859.3365084040666,847.6348664778803,852.0987593226887,882.1985338780869,855.9327890186345,826.673124898846
857.078544104856,850.7515537001018,855.935430184756,876.3398153343376,854.017094753722,831.26823450699
858.4070592685241,853.3083710902049,855.1219976784132,869.2071073090937,855.5287139315842,840.6429108514137
857.158270864416,842.5469405156327,844.0672778119958,877.633475766999,849.5946377452042,828.3584294492464
849.8310582969001,839.9051464464924,845.5088182757987,878.2158186505841,844.7880480438969,816.8727131526102
845.7999726172367,822.5324955930249,824.7471986671887,881.3917124554409,835.1280084714933,798.4082402688957
826.5760339838082,817.0705885810391,821.2142548319667,869.3403980485032,822.9807267495773,787.4080919810547
824.3981664250382,817.6877910227046,817.8793212521053,841.7853142836661,819.5467880420356,801.245762270913
821.2703914775701,803.6756539438314,808.3838236648297,847.3573276882234,813.1315724584671,786.5945453480463
825.9075016058218,806.3332530681412,825.7850277854596,861.1831858952212,817.0844257251442,768.2607207166766
825.9326845237216,818.3109872646046,822.6496208589456,853.3861077327649,824.2173243222021,785.3962432407744
836.8100315654028,819.101448415028,832.3825006305666,856.9263463616678,827.5160607447556,793.6006453379418
839.3526167211091,828.7744105933032,829.0422105154877,866.6245721420545,830.7123555730266,795.9075989466062
840.2944097721577,827.720107242667,837.6779574625677,863.137893385864,833.3600839890271,805.2566217426261
854.8667299898491,834.5419102158029,847.6632485449268,880.8190058021808,842.6706030037467,798.5712000433421
867.2208366259543,846.1708236669169,866.7426371767397,902.9217501174753,857.2029428608326,799.4846682847697
871.1522536076757,866.3605988357214,870.0813873227778,895.3000387636143,868.4120122497582,830.6958694361383
872.4677863884284,854.0939460296711,857.7657733488406,895.1842613596148,863.9235803358087,837.270523532839
863.8570995769475,859.0192039150911,860.8734905264477,891.5832959457459,859.3196319376436,833.553955894215
862.3644000466785,855.4641803652735,860.284728795243,874.8901671183144,860.5791096608448,845.5448787601642
863.5922214008706,845.0315884192228,849.9057069638459,888.6685029275566,855.095217879544,825.0163712699277
867.8942649059435,847.9291842064576,861.2095084284812,904.7028902640316,855.557607696163,808.3886060612008
865.8760641278288,853.1359239223885,855.0486221144843,899.9171174957953,858.1290652714822,818.1540652334834
857.3224088718746,850.9679666411204,856.2862413613373,880.8118771794784,855.6674317379102,833.0754210889957
859.3547602534607,848.6805383811279,851.2215482772081,875.4575933556437,853.7538948192721,832.8859330979296
854.4260067472749,846.2202515985505,849.5067997286402,875.8766615959549,850.3641740029236,828.6767190433155
850.176829178467,844.1582122548093,849.551921224228,866.5867627956466,849.5293604764336,831.025832614695
854.715923619699,846.9950870333332,849.7548907000287,866.2422394639298,849.6534059621279,831.8936056888747
859.420659402202,850.0588018672976,858.7875433694214,874.237285484309,854.2712170347246,831.530550181137
886.8918089972037,858.6234885414526,883.6562206922183,911.2954824133865,871.2218820308194,817.220037436751
898.3502676891362,877.4247531040819,895.0451965711896,942.5192576706613,889.3507086317036,819.534670068651
893.8485984031147,888.0288385890916,893.3273106427459,923.1102989563965,894.1862536069674,856.2471129587062
910.3901363907631,891.508868276575,904.2211184876886,927.0372512395022,898.7742145652169,865.2846814189772
908.0497911070556,891.4278375025218,897.2127496119647,945.0745721992762,900.7169340498262,856.3165179024743
897.6818223074818,888.410514015883,892.0031682863537,928.9607330594939,894.6079589491587,864.2275783191656
896.7206224745389,878.0914017281109,881.4734847480838,925.3454178809704,886.7383265172183,855.5940952859066
885.6290133932735,875.2064765279036,877.1917114087432,920.4838080711522,879.3325980784131,847.8544140416609
878.5877180453388,866.0196585502581,867.0753311939213,905.2511936103047,872.1335213013318,847.7747027091818
871.8410763300564,857.7125442892058,859.508044964349,902.116942775148,863.2916880791347,835.3754639353233
864.6532520873889,853.738007497409,857.3212439404573,893.4756890352589,858.4146444524026,830.8662474581861
871.4497441805013,852.8084179368644,870.2902198011465,897.8789381409698,863.8057318708013,823.9875110569312
871.0117149217682,866.458129797207,868.3054782390483,894.6391104102472,869.2978490200968,836.6518319897552
874.1659002305445,857.9623947639785,873.687354645669,893.5094108707711,870.996416442358,841.6166843929564
875.0714116661253,860.2837508607483,862.2814426742945,905.8874124427138,867.9843986599811,828.4094967628596
862.9994484678567,850.9184518176072,861.2520256643438,896.1152551917273,861.7667341693186,828.9436115526644
873.6688214918931,860.0158742908242,870.0343666914188,894.260753260627,865.6431961778808,829.925893632334
873.0443680426071,866.7514464760504,870.0632164178265,893.4327437003974,870.0487915546221,843.5680717813366
874.2305806229969,863.5914810459124,866.1845563390008,890.6573907672645,868.1238863784131,848.3273379081647
872.700944258015,859.362311983998,869.9253179045669,897.6113487036934,868.0549371217833,837.6670190759424
873.4401512543444,847.025300971125,852.5164376755264,913.3323067733281,861.2208777900461,813.9486003802399
853.8893221773948,850.223472498555,853.6242747853195,894.1588781241147,853.0703562304224,818.9571282189697
883.7922906977143,850.7023375848003,882.8607740114171,906.2357712196296,868.2425243983678,814.346264240248
900.8873228957308,880.0081643238053,898.7538217049189,947.1849811275431,890.8072978581674,812.2622019154473
914.4984013942669,895.7447690348986,914.0316652214365,947.7647222137714,906.3927434631771,848.6827448855397
915.5193511911704,904.027652263294,909.8506866310602,945.5210682011746,911.9411759262478,869.9077399830658
920.4517774385248,907.2681009715326,917.8406872463714,942.8286140039258,913.8456869387153,881.1401755167576
920.4644111705934,898.0247178258289,901.5261063488698,956.4534604851983,909.6833967976202,867.3950359558097
904.1689215121467,879.8761712451087,881.5357701496554,959.6567963843967,891.5309382492621,842.8256873548937
887.6077484772734,874.947228761133,880.5340269707215,933.263332440764,881.0348985601879,840.8801574828212
885.6200201433854,875.654676502385,878.1634633683988,909.3870730129586,879.3487451695596,852.8224146201096
882.5347153267131,861.4141176163537,870.3078488278414,915.4754804105803,874.2356560981195,837.7606270321835
872.3725819283183,866.9393179831,868.8197791563565,904.2802698364655,869.5638139920984,837.8956156975241
870.3773595968046,858.0937888987536,860.0750163017433,889.1960723890555,864.4473977290493,844.9039857808853
863.8870896283441,854.2933683334755,858.8510495244863,889.1503791528843,859.4630329131141,834.4571491705882
865.9941890173149,837.4930250558706,845.7309946074389,903.5659475493314,852.2910220659619,808.3287344085522
857.5726235670712,842.2406446171477,848.4870774226101,906.2316955880967,847.1090360150238,796.6488383096803
856.0171374489698,845.3795334813412,855.956181128986,882.9692640894295,852.2216292757973,818.0453067955522
870.6976905131238,853.025924526905,866.0665227651753,891.9144656837791,861.0113519470799,821.1410407991634
865.9586692910125,853.902859055728,861.8229615793259,898.3214369136065,863.9447421722498,824.002496359851
868.2560525420502,859.486391010175,867.7059185947251,888.0618539549596,864.7644400870247,835.9981745370632
869.6837989384875,850.1318514807215,851.6346829157256,897.5583265616276,859.6703007552246,826.7543040875275
855.1561142017728,847.2040069294331,849.0010131472754,890.1834362356262,850.3178480314998,821.423299410365
860.4482046209224,845.4441499807259,855.1854400818853,880.9274345000877,852.0932266145796,823.5370297187501
857.0156645434563,835.6982749716092,841.3209018880129,895.4538089087616,848.2531709849484,804.6501983786554
846.2556219383234,841.2532880030112,844.2448345448626,878.2386583396799,842.782868216437,812.4393495717845
853.5388505783664,838.4502331511768,850.6833273468368,870.1375716550951,847.464080945849,819.9101932488436
851.5843337845802,847.1578727970432,848.7055614671493,872.2227602155363,849.6944444069924,823.4350641787228
861.2283231827377,839.8579370475211,858.4483186196246,882.4831813934513,853.5769400433862,817.9910635865701
856.6780415373303,841.916554817323,843.6950209920712,895.4818102468166,851.0716698058473,805.1521281087598
858.2845082515189,842.6324971512348,854.1428825569116,888.1670875112175,848.9189517744908,812.133342960492
857.8210478397899,848.3737974339329,856.1288043540796,883.3483806480565,855.135843455495,820.6002268827065
858.4857085354114,839.7955453323119,846.222114913602,886.5487931035817,851.1754596338402,816.2052590811932
851.6898026834037,840.956956431307,848.4293003942016,884.78451221146,847.3257076539012,811.2269885734722
850.3363296537038,835.1125644258545,841.0848374557005,877.1752413787358,844.7570689249504,812.2837126788736
844.4933341979234,831.7139732769992,833.8909443648269,875.6528957804703,837.4878909102631,805.6450804085393
836.0803585336818,808.1536175247314,811.5313594997257,881.5647037735646,822.7111519322757,779.799448948881
824.7518155844847,811.9752451873663,823.5922127490562,871.6934605138518,817.5617861243904,769.935181998683
830.2351018752054,806.9729550556799,813.849880434815,863.9624304858878,818.7210465919351,773.865637444281
818.6051874857752,813.1380542797101,816.639955918062,853.4982607136806,815.244918176438,781.6750606497069
817.4330481279072,807.1175494847985,812.070848001723,833.8855681017403,814.355401959892,794.4289884788084
812.42510898846,809.9001943997814,811.8808442372489,827.8389223455696,811.9758461194854,795.7378892661039
816.0874020991843,808.7551230259112,815.7929260650632,824.150466578836,813.8368851511555,799.5074824239596
828.2462945433879,813.005224022286,825.420645004651,844.9148180027034,820.6067855348565,788.4814440167687
825.903800421659,809.0010641954281,811.5410462273239,859.5351383615645,818.4808456159869,779.1756214932352
812.7194802921009,809.6789795295839,812.0868571122559,839.4353272338012,811.8139516697894,789.577234761934
822.668295425585,807.0640042115538,821.1814044161304,836.4937852710739,816.6341307641926,789.8818053297057
825.9905170731721,817.6630652300124,818.7951137056925,848.4527470392964,819.9882590609109,788.6233893963215
820.5624225507665,807.8201680468649,812.0070908325558,844.4880759899668,815.4011022691236,791.8138101223159
813.9944769057348,802.9086834740043,803.6703657069235,841.2822133565228,807.838728269739,781.7120935174448
814.96290950196,799.9728633018791,813.097152685625,840.7696787090122,808.3837591962736,775.5800796294861
827.6196620922886,810.2708545384453,827.2681475559497,853.9530405732231,820.1826501207867,773.105906188415
829.9622763118734,821.8747159667976,823.2192217731227,854.4506960535327,825.2436846645355,790.8597763062371
826.4979048429315,810.4692834727949,810.4786003628684,852.5428165669524,816.8489110679949,792.2523622789238
814.4295111554502,790.1994621499072,791.59381221862,861.2452011666745,801.0362062907435,760.5985252274779
795.038184010032,772.8617018411835,776.4807599423618,851.819920450569,784.0372860804903,735.8035925145927
783.2846282471123,756.9457336577516,758.6378191127876,838.4408599878636,767.559289527574,717.1524180923429
762.6071057750124,756.5757283921486,757.3004741733789,805.7904958664294,757.9691466430826,724.8648159358704
772.5937524858128,758.99405032794,769.282885146535,787.3762123923684,763.2916796599563,738.2985135405294
772.7431309876094,750.2478787363973,758.5286455176649,809.2164192656487,763.9057653320993,718.9790332429391
769.0648684563344,760.7692394798205,764.8224028408489,802.0721294055528,761.6755241792563,725.0949263362404
766.8494003654479,759.4263584597032,759.612042421767,783.7568908657556,762.2172226313073,744.460213660112
761.8004916264027,749.250871276003,751.6023181437919,784.4379376258389,755.6071802827788,734.5062819854804
754.6895496171229,752.2314131913571,754.6319404339533,773.3610145973178,753.117129288872,735.8416226569063
756.6708438423652,745.597900645724,747.7292477820616,769.29690274342,751.1805941080069,735.4692036874051
754.7563949879833,748.3483708841676,752.7970180153505,773.3035219548037,750.2631328987054,729.601103703664
767.0932053302893,751.4917887677074,761.142661621118,783.1218430154061,756.9698398182336,728.0982413494144
770.5776745681252,759.0492253317875,767.0281279376601,796.2124765951294,764.0853947793884,728.3878120978327
775.1297803158626,762.2452562122866,770.6923204536762,797.4615714612611,768.8602241956675,736.4291381114791
779.0110405457658,767.71431088332,774.4327936135895,801.44215486205,772.5625570336322,740.9890204469975
777.2987261314441,755.0645641380853,757.6831185901641,812.090893734825,766.0579561018761,728.2636645953157
772.3217359979266,754.3574633578551,768.0387533284822,815.5426608547277,762.8609359593224,715.0465742711542
779.7490288649939,766.4285393763917,776.4306494567686,807.6462857352057,772.2347013926246,729.4343804135236
782.6238696488795,777.07634631238,781.7410928371148,800.1889509268811,779.0858711469409,753.0189188641292
795.6783177814838,779.4792541112497,794.3963210461416,811.0840047309761,788.0687069416274,756.7175372141444
801.8994001499268,793.7304605600536,798.3483167261556,823.3652763315595,796.3723188861478,762.4452681812934
802.8588806354096,794.3846581130827,800.390906844131,819.109084203707,799.3696117851425,777.5011789232087
812.3493059001156,798.5588342213157,807.1153224506094,830.0318035426476,803.7531146473693,774.3700680398324
810.9133178063946,805.3967660785474,810.2519922930984,831.0752193796542,808.6836573718531,782.8076608630384
822.6697889182238,810.529190096911,819.0340751031115,834.5577809277302,814.6430336981041,790.414904554832
831.7579775926773,819.5451586513257,828.1260297360548,851.7478741406082,823.5800524195822,790.8643297339489
835.4132991435412,828.6834502609171,834.850709267268,852.645847066936,831.4883695016605,805.2891775069986
837.2885064174533,822.7534085567181,826.603804722955,857.7703333204049,830.7272569951106,804.6079664620088
828.803767734407,815.84228642742,816.6185279264271,860.7721331912896,821.6111663246901,792.0306852719864
818.6829552483472,806.754848609969,809.0318469737634,848.8226322465753,812.8251874500943,786.5986623831645
815.2865585222887,809.5314722167274,811.9633304500027,834.7758674497736,810.4975887118821,790.5678850899269
814.6581885573495,803.7482659582754,809.1458480189424,831.7313123300112,810.5545892344717,790.0687900684246
808.7524749906189,805.13980492798,805.8612223185058,826.3095567731137,807.5035351687233,790.0030751188333
810.4055205871374,789.4789038695868,792.2844793160584,834.4000932955021,799.0728508172813,773.0518763450305
794.7846644796866,787.4748170064588,787.6640839377127,831.139049162332,789.9742816268847,760.547888685388
793.5858469965589,780.0559200051256,781.3556855148058,815.1751290206579,784.5098847262584,763.0756928590072
789.9546899741943,780.9994216202655,787.1335924306134,814.4228417978011,784.2446389727088,758.2098534343979
801.3576734111595,785.299218609431,793.8090862534442,820.8834812218975,790.4713393420279,758.3491733327564
803.7489013005468,794.6308734344475,798.568434266444,827.9443108284534,796.1887602599433,765.0031041588861
800.4294832598985,790.9345511528707,796.4940828774668,820.8108183071737,797.5312585719546,774.2784183743581
806.1828712976271,790.047079085701,804.3307044862204,829.1566651657009,800.4123936818428,765.0798543683181
812.526112049734,794.4807806530312,811.3845071281587,843.9013608330192,807.8576058071887,758.4485518114487
816.5879821766533,805.3009938757094,816.4072465637938,844.1705486368587,813.8958768459754,770.8397493927439
832.4077339121703,815.2668317997748,832.1341706517006,853.1826147376278,824.2707086077464,782.1128887042812
836.7619307819634,827.8595588235738,833.6682820317156,860.8540344745855,832.9012263417073,795.7458492976248
844.6712575047487,830.06109359699,842.7490095810019,864.4041970829805,838.2086458063579,805.6228574176117
845.6991278727885,837.1222825999116,839.6889857761523,868.5433728399188,841.2189976785762,810.5758498883318
842.1236108891364,839.1294056632071,839.7412106786761,855.5314660249489,839.7150982274134,826.6038397779355
845.9347373535492,838.4569772028279,844.2155055955665,854.5396690741707,841.9783581371205,828.3597556325462
849.8366727274491,841.4697942062819,847.5505797740278,863.8049316745058,845.8830426847964,824.1933349947867
853.3034944091521,839.9118648678916,842.092051707375,873.4758968198254,844.8213157407006,819.0796266637581
842.74599333766,838.1060506791802,841.1353455752228,866.1750388115972,841.613698641298,821.0961083122484
840.8267170658431,834.2367660670197,840.6401987271705,853.0549831400779,840.8877721511958,824.9802489968217
846.1781897665367,833.941890386345,838.5976203403457,862.4437465088613,839.6189095337572,815.3781205613257
840.2830841748441,835.1342791460929,836.0867086346186,860.7206812759499,837.3421644874813,817.2579202535946
852.8738711422336,834.6846749166889,847.9504753395264,870.1283525475521,842.0185919870717,811.7833494118142
848.4468459019973,817.3420086059128,827.9658879580875,900.7312550885599,837.9581816488061,777.4961712844889
841.8384903929793,823.7031883888382,838.0194130813571,895.1610866920994,832.9926505197215,772.0607384415372
843.6533023174412,832.7505143409845,838.4903433073295,872.052361336825,838.2548781943424,799.4571363853322
844.506223547668,838.4730123575192,844.0168635723442,861.1082984007227,841.2536034398358,818.7683004842108
847.1997763726948,835.0099347566222,835.517955934186,864.1860124410534,839.7674097532641,818.6283804255019
848.4417223127454,835.8113394768335,847.8081343528986,872.8240218820648,841.6630451435414,810.7734607521056
863.0906865995944,846.9092461472385,861.8232119331508,884.8258664906938,854.8156731430238,812.7963082700264
864.3822374230291,854.756680884472,855.4859463375526,889.7504752775878,858.6545791353508,825.2329828003074
857.7130815667094,855.2470828995826,857.5929194285844,873.1966588210555,856.5394328830675,842.9677708068475
860.3499086592403,852.9597558032492,855.9847109121773,868.9230732438275,856.7888151703798,844.2826944360345
856.0855277030938,851.5939440267111,855.8640340871565,870.1431451211411,855.9243724996659,840.4388037902087
874.0091853522185,848.0211342076483,873.089540960367,895.9310043659946,864.4767875237608,819.7319173136144
875.1022359293122,864.9399497014607,869.3521613171316,911.1575974689715,871.2208511387483,820.7817540379192
875.0601603425453,867.3495336500415,874.0868287517077,893.0475829523054,871.7194950344187,848.3653006514194
883.6220833584887,874.3394863569226,878.1058259711862,896.4174821888116,876.096327361446,853.9344229536393
880.2409583757607,856.0321841640581,858.7753007465583,915.809448941598,868.4405633588713,832.0810209084289
866.6924034246147,857.2046333797759,860.6134967218601,907.5529845576636,859.6943987342082,823.3116239163128
882.7881850208404,860.0684369530406,881.1201433458513,907.2962028737626,870.8668200338548,826.7774075921687
883.2920239730137,870.2653822169086,871.717521585269,919.1794381890413,876.4188324655593,829.8134636292817
884.8969955201284,868.8265863791564,880.0758967727281,913.4355942706071,875.8967091789978,840.692967027917
883.0839249930422,868.2244977865021,873.830594827168,915.1936379286792,876.9532457999474,837.8690470599016
892.0100340299542,874.1258063745626,891.7828683882295,920.5978121022929,882.8067316076981,838.7386749474658
891.9986238728427,883.3395906863486,886.1417000531098,918.7709224478238,888.9622842206691,852.4127703431116
889.8966095917908,881.725216394132,886.7901509000852,907.8579662491093,886.4659254765969,865.781900288729
898.6414305728422,880.2695606273156,898.2231330021272,921.0397100049154,892.5066419511056,854.6815521469541
902.0768018401574,891.8451222218368,892.3159065839635,929.2107596252845,895.2695197930448,857.701885715669
892.5991208668682,878.3176605844034,884.651572688092,922.0246299462433,888.4837396360272,860.741780194282
885.8622688529315,880.3368892910082,882.7993159558503,909.1699923536387,883.7254443219706,859.6528927426707
889.4232150745646,875.0613065327209,875.7759027062359,907.6642135045672,879.2876093310426,857.9459932451521
894.0998243751097,873.4752842613516,893.5553252575979,927.1055188752961,884.6656139819165,839.6393972362937
903.3430399351413,887.7307157236265,900.3362536126274,935.335037712862,896.9457894351123,844.7428768996822
923.2005776721874,898.2657594191193,919.944667104903,954.2963830460681,910.1404603587648,852.9285268846135
933.7534998144213,908.0158501801866,929.162896619522,979.8505184405533,924.5537818622122,853.1693487222989
933.15773828044,904.9521583286833,914.166540210217,988.1913285397136,921.6647184148692,853.3332545747376
917.0736714402148,896.1410597723707,897.8159419245956,974.9283637901741,905.991241067406,852.0828847411746
900.1214797483974,888.1509997358974,888.3890844751755,941.8224522289077,893.1025131998853,859.5647230280497
898.3101162466334,882.2893512365249,896.401971224276,927.431317193036,892.3955278497256,857.4532046365172
898.6191985207342,875.3126992183394,882.1474475129634,938.242275356275,889.2747093686195,839.9241145750191
882.262753741681,860.8359195779141,871.9301188344034,935.7439048554113,877.0387831736832,823.9105711900093
878.5230769901901,868.6362006734407,875.4025636525039,912.0259608163033,873.6663412434534,833.741684615015
883.8980216108904,870.0804739016756,880.4653481905905,905.0797737908963,877.933955921547,845.8187137259883
885.5691020564401,875.4014227049189,875.5256611648618,908.886348443257,877.9955046777259,848.9232807914194
875.4327802625534,869.4178802402672,869.5749299161785,896.762962502873,872.5502955405199,856.3065140683569
871.5487966122648,866.211643007078,869.0305076115436,884.8799687110707,869.3027187638608,856.4998346423906
874.4303772660822,866.4857211400289,872.6835394703021,886.3240439501494,870.8570235409226,853.1195196220513
886.9995126792138,866.9925033511219,884.7224248434288,908.9310768845826,878.7029821568651,839.0519132492215
887.3860910534297,872.6688040127075,873.4590604651873,922.2683728334619,879.0907426543077,835.4576319114285
875.8608448663233,865.607534537105,868.0479746866393,906.7774976518817,870.7535175759131,844.3510042270327
872.1254263501398,861.2953784874794,866.6278287138889,895.204526466094,867.3379017002638,842.4961309863995
870.5834220586171,859.978152754671,866.9759930783722,892.9223966954316,866.8019108961303,839.3341037789178
874.0622449165343,864.2539578855293,869.8053536878953,892.856723635101,868.3906733831334,841.8228327977258
873.6222747986219,855.6810526843383,856.6470058063513,901.8332484154964,863.226179747123,832.4594755522774
862.3878721185885,856.0723849632662,861.4627091906837,892.4711297469412,859.0548574985171,831.8293565729291
860.8506835210717,850.5435644127916,852.8147308802668,878.327170148153,857.1387200354748,836.7706544891498
851.8926417149513,849.8418195325953,850.3691949346724,868.7941515430838,851.5919629074691,837.8992983164962
851.570619848732,834.1891337870377,839.6748725970904,871.34562710265,845.0220337658809,822.7648564925269
856.3183319838553,838.9959943558497,852.5014200378349,889.0045118828798,846.0881463174621,802.2449526586325
853.6218136065424,835.3271066127583,842.3303653154765,890.9622815369057,847.4158926766552,801.9196699824338
861.8928827746661,840.8898408563284,855.6618289744923,897.5123283663984,848.9960971449839,799.2679560860963
857.4783166917487,852.0788953161524,856.170131945801,886.3641792846481,855.9159804601461,820.358021049816
866.4947577904263,846.0247260749721,864.5771386369868,888.1177254368345,860.3736352913934,823.4440927092111
873.7908704852896,858.1789260735592,859.0859377342791,906.610197761102,861.8315381856324,816.405257443143
858.981797634287,849.2452163544825,849.5997978484359,891.9310822667619,854.342867791357,828.5597680379274
853.0896898625525,841.6689041665254,844.9176797660563,877.3255708329888,847.2587388072455,824.4321533934126
850.860156785245,836.2207975514133,836.5749679408817,878.2390621917591,840.7463238534685,813.0886998671149
839.5218321350683,832.8459145320913,834.6343464518317,866.6599514239069,835.6046571963562,813.3717593318881
843.4063660861552,832.0420539135949,839.5753765968748,859.6080608563649,837.1048615243528,814.5074864175247
843.4425156993047,834.9377457990267,839.315716130502,863.4137011517776,839.445546363688,813.7409959696847
864.3758029409018,837.9811785026296,863.5224432220507,889.2608915726137,851.4190796762759,802.012405726241
869.0373980076569,858.0496387493199,859.3301373804595,904.5681306271364,861.4262903012548,811.1121713856163
865.8185096235712,852.0896730925818,865.1113023616786,892.3241693119289,862.2207198710687,830.5326798386159
867.9147944231379,835.8586582160153,841.4854585159478,913.3644695483295,853.2983804388128,798.9020377030524
857.8961947822058,835.2939709491123,852.8276214681273,918.468698841844,847.1565399920372,781.8227987413067
853.2904573426788,839.3876759141169,844.0997241735633,892.5142363635982,848.463672820845,801.2517232094626
844.2353168159659,824.4093461299595,830.2566737804464,882.8413913431493,837.1781989770045,798.5195110567317
830.6370953760152,827.6869507247502,829.775011483294,860.4531316198395,830.0158426318699,803.5128432766642
835.7770913375045,826.6316038735443,835.5670090847802,845.3582862568095,832.6710102840368,815.1192059687496
855.1675414834955,837.0795171497851,850.9774557432432,872.9494792790136,843.2722324140115,804.8656997848403
871.5931579317069,850.25928478559,865.1628001840351,903.2599139483784,858.0701279636389,804.7051702488134
872.4583678949049,861.236150480852,869.0337446316539,904.9188231618239,867.0982724078442,823.5285967614024
872.2194252028661,856.5811471981814,860.3767179816738,899.4134932381721,864.7052313066636,832.262254691331
861.7214688769718,860.5158494653293,861.3987471527349,883.9566482015334,860.887732567204,841.8469046607183
865.6462421028597,841.0515157003671,842.8463425748779,889.8394727440376,852.1225448638061,825.3386082087029
846.0761729105672,833.5183938478158,835.0908630169753,893.4620308465762,838.9686027959262,800.5807671834693
836.0751251766959,831.0219085096913,831.5944846489691,858.7958522229482,833.3426738329719,814.7683628985612
832.7472140561898,812.7094710810561,813.4868869350443,859.761458282492,822.5406857920063,797.0340591771492
816.1116292554589,809.05379343909,815.3647039737648,851.79966348937,814.4257954544041,784.0607165106164
818.7469342122732,809.6386969197844,810.6344903047786,833.6769520597778,812.9995971392714,793.2617692876363
814.0017059354419,804.2945866519345,806.9456944108248,835.2988495739719,808.7900923578013,788.2604581339842
811.7112633107769,801.5105068835236,808.1737723588699,832.887088731838,807.5597333848469,783.1173994549392
817.066592058853,805.0025820239724,812.233083701025,836.8079208875606,810.203428029947,781.1460047322289
813.3318712017813,808.5854160460427,812.3280861905527,832.11331218278,812.2805849457884,790.0871492062352
826.5625892452808,808.6864610954316,823.3626778190201,842.7791210811524,817.845382004786,786.2226628171859
828.4716077479533,819.9623952084894,825.0770427699165,854.1417810235937,824.2198602944679,788.1784293003138
828.9655384472474,818.7189694248013,826.5815072688533,847.5820002389264,825.8292750193846,800.6925463341547
833.2299833834054,824.162537799541,831.0638051876444,850.5251037456296,828.8226562282485,802.2400672298568
841.5212762580397,829.4716138769423,839.3354451271534,858.6292360378369,835.1996251573986,805.8364661254355
839.4797382221772,827.7337675284847,829.2556775085163,864.4657849316762,834.2955613178345,804.9767022447045
830.2621093310621,826.2720203714163,826.4858065394698,850.6993478904726,827.8707420239928,811.3591987571297
827.1621683159594,814.7919755977397,819.4490324087418,845.1752262657142,822.9674194741056,804.274522071053
836.493880257737,816.1023638003392,836.0934885224674,864.934540854032,827.7712604656044,783.0302679149908
841.7086368000208,831.3854179941193,832.7950343576679,870.1313020049561,834.4442614400675,793.3444638467105
832.5831113378084,824.815986761867,828.2990431222437,855.3363124550921,830.5470387399557,810.1104540004875
836.6480626079637,821.9208831978943,823.4715082186913,857.2770595411429,825.8852756704674,801.0412995761188
826.2421462874278,814.9176724587909,821.5225189027507,857.705669054144,822.4970135607209,792.5765359573813
835.1135292004421,820.8025404320598,829.6051407362354,856.5151228837,825.563829819493,792.4264663911549
830.282990957335,822.9863634789476,829.0145536643419,854.4617600747499,829.3098472002886,800.4427194578287
836.4979073358267,824.6200702513122,824.9488169190242,852.6820496027532,826.981685291683,804.7458881955017
830.373627821587,818.1843166434593,820.4985729638187,857.6779752415441,822.7236949414214,797.5101045849417
824.4871639985165,816.3660377512872,821.827462161474,847.8711543136815,821.1630175626462,797.0950607502919
826.8481609962986,818.6182315788524,822.7770164762898,842.1000749455459,822.3022393188818,801.2224357838599
826.4410973609298,804.2223456733725,806.7750621447634,857.4372165253994,814.7760393105265,781.3155137628935
812.2860669664799,803.3535534910676,811.2901247240279,850.8669768177756,809.0325934343955,772.9888139103545
817.7158487290538,803.9014310763923,804.0253929702494,837.9149586953446,807.6577588471384,781.0476308751629
812.8003639320165,804.0944516243637,811.3467781990743,837.9429957191674,807.6860855846617,781.6421708183846
813.5260577352038,806.0268831334128,806.3700695558931,829.4498975022759,808.8584238774836,788.9371802286693
810.3441622970244,797.1424320653147,797.8900801060319,832.7791602468101,802.1300748309624,781.0268981630611
803.701936905417,796.1211059468335,798.9406585072778,827.9499541227622,798.4153693066547,775.993551147032
807.072980565282,799.0799071839755,806.565703953947,821.0370629680236,802.7531812306123,782.1023021183014
806.2121797234499,796.9086682610341,799.006282139819,824.0329345500868,802.7859930468828,780.7914724407839
798.9393202956908,788.2817041748468,796.4951396264158,822.6624314030964,797.7507108831172,772.75961244495
801.4421479862297,793.1094480510886,801.24152859697,819.296156701324,798.8683341116928,771.8203665613646
810.3543497234882,795.5605670882034,807.9996569227997,829.2045570807467,804.6205927598846,771.3883506546849
808.5737073308541,806.6070713345721,807.0721099122753,826.3631229202913,807.5358834175372,784.462076341377
810.3619965531956,803.8969788440097,809.0364115941633,817.927792251126,808.0542607532191,796.8486579874592
808.4187860587218,796.0349573005294,799.6946299771113,828.3607132549821,804.365520785637,781.2385970865392
810.750607075455,798.7212126018215,809.2001160351878,834.1834124477929,804.4473730061493,773.150354368231
815.761096567847,810.1925812464374,814.3856774470979,830.9627416986352,811.7928967411426,786.9679672110303
825.5661514190932,806.5984264056505,820.5462876165185,845.439363094371,817.465982531808,784.0987622572428
820.345825316462,810.5236330749027,814.6430511345103,852.0254893563658,817.5946693755142,780.0506962188634
814.887830551355,805.3896472701681,806.0721209879133,837.052038335901,810.3575860612116,788.7510995290381
812.3311945441793,802.9572916027098,804.19056730772,832.5916767913345,805.1313441478164,785.411461234696
812.4243195640315,804.1508194818015,807.3377418650515,830.1219021647014,805.7641545863855,786.003394605455
828.066770242453,799.3665099450791,825.2158599670813,857.7677858399124,816.2768009160661,765.333384890905
826.8456706067238,819.9255415048019,822.7253689601858,863.6118273289734,823.9706144636333,774.5608538307363
835.70293986898,820.0028959011046,826.5474549259062,854.0724322535136,824.6364119430457,797.5219995790228
843.0009936224689,821.4307523841251,841.7816669554124,877.0506658833918,834.1645609406589,783.8749528678463
845.2484244163531,838.8779163044263,840.9152502618649,872.3690959864057,841.3484586086383,802.5172226107317
853.7934644220744,838.8974254465993,850.9339298207099,870.9426773927462,845.924590041287,817.7763096742439
869.0144847412192,847.6205876424054,867.2853936654909,898.0916245460211,859.1096617431001,807.3667843603013
884.8606677758446,867.5005844208109,881.2405472958986,916.1301631012439,874.2629704806945,819.2452119666276
882.6965629761845,876.3534582803733,881.7507080808901,907.6766573576737,881.4956276883942,848.4186872305638
888.5562168675726,882.3593230644427,884.4164033391912,898.2109460915492,883.0835557100404,866.8609498441989
888.4913878718502,879.606686689487,879.9012849350948,903.6717275628683,882.1588441371428,865.9677400991382
894.4429230830075,877.0969233554436,890.2257524894457,917.9123450891504,885.06351871227,852.3355928143351
900.5686111145232,885.2192793124532,886.7086737793213,930.502873339302,888.4672131343832,848.7645445152198
892.1798969843829,884.5873394240858,884.8016389454268,919.4805199272674,885.7551563623738,862.1257965213522
892.6615941121772,884.0683782387633,892.2202316281873,908.6805252082431,888.5109352868068,868.216091623968
905.362465660462,889.6976584570707,900.6608932019486,923.448315165022,896.4405624150677,862.8032574730114
901.6492857002731,892.9974287556167,896.3657141409219,928.0009505971132,898.513303671435,867.2092902269962
896.0905443772119,882.2912460438785,886.7943054132458,921.4698554962143,891.5800097770835,865.341967301242
893.5143699307956,881.0288948329802,892.7722259019566,921.2821521284966,889.7832656576009,855.5702185506268
898.7254043154082,877.4788304979908,879.3463401377453,930.1939293100465,886.0592830198507,845.8638070219667
891.7082889804467,873.5407695772847,884.0374698544842,935.072062571147,881.6919049961145,836.5368295197006
892.9191535883465,880.3245578862042,886.0977276827289,923.3522661918701,885.0675987686063,846.4469784286115
894.1370610934063,879.2533481942472,890.8301054439082,921.2207860387359,888.4639165633183,852.5250145354848
893.363866648767,883.7653999119524,884.5325127238557,918.4094019019153,887.6813090838817,857.2039528119833
892.9470227220245,879.266342130408,892.8075707318435,916.5920429950474,888.6700417278494,858.394174673972
912.4761337169143,890.9055320516516,910.4211148201126,938.3264792995742,901.6143427759778,850.1982736573786
923.0760040670211,904.7667727410125,918.7209043453403,958.0973129467205,914.5710095827262,858.3977304685444
922.0090752111712,908.2153432509002,911.138186223778,954.9328621054726,914.9295452845589,874.6754538897759
918.8711126649824,885.2552452672538,892.611795893711,968.5800082577599,901.8749910587443,850.0560098627633
891.7549221545223,881.1375148277208,886.2100696567958,950.2362337684426,889.4109327752532,839.6530469571196
894.0938695138746,877.7872749371109,892.7796958580143,920.0620520583113,889.4948827574049,852.7520472994007
895.5201956818039,889.8768801098163,893.8540605812888,916.9248495770858,893.3168782196514,862.0500742052099
902.8638435358482,890.2736481006974,900.7018464650703,917.5317679247314,897.2779535231793,871.9479904068878
909.6920364978558,897.2407373070957,906.6883913246604,931.4936344677765,903.6951188948651,868.8898979030017
908.2598512722178,899.8271474538778,901.9790182253022,929.9850760377512,904.333704774981,877.7750685150036
916.9342867577883,901.7020088137795,914.7644337160211,936.428960280083,908.3717259706614,877.2665058742134
920.9806938707636,910.5289038870985,919.1578562373941,944.8287833519333,916.9611449767074,880.6186135327509
927.1257546165554,910.3304855326373,926.7926395211314,951.5134452112867,922.9752478792625,883.3957975423314
929.2999886752106,923.3600128291204,927.3307489004955,951.1206784138176,927.0616942108131,894.2825660887995
932.1802078958383,908.0834619441686,914.6791718567142,961.1113919190775,921.0049603786046,886.0195874246801
917.9048581034189,891.9171431101837,898.7883073802321,975.8156856070316,906.7337396184729,850.6045332447717
901.1320446117402,882.7591061064368,884.4950505832644,954.4414988825138,891.641678981748,843.5398651361697
886.980688271829,875.3838038016761,879.1947199770564,924.2917299007861,881.84488528016,849.3671724621478
880.6692674514255,853.3249993247302,863.9717471887773,923.2736475745793,871.5832335829165,825.9207660824613
873.596826769163,864.7824023509479,871.7065158083905,913.7676392092806,867.8391314985836,823.370907847007
873.9935067026995,860.0742703404732,866.306268016509,896.6852496175538,869.0063919124494,839.8510976664525
866.6688151717999,864.4180211616713,865.3296109396363,886.6158465387809,865.8179394780723,846.1907706078958
886.8824207512506,860.0977172481533,881.5353981273012,906.2247051383608,873.4325045334683,833.6359613552985
885.2881351747279,873.6939549792496,884.7459806124544,924.9512468458045,883.1406893698775,829.0040375993678
900.123419086284,886.9490650085258,898.3978644372238,917.6478552011939,891.5719225248388,855.7265195181051
903.8946714645944,897.3727072186791,899.1799758982253,921.8260998421322,898.7889201677242,872.585304032951
902.2035874368682,893.522520188791,897.0914684966896,918.3177422666043,898.1357221974571,880.3101635316252
911.3143240612284,894.7510808381105,910.6074482438639,932.1971328771144,903.8494583702764,869.0863566991287
928.7199434636694,902.8735212430844,918.1061807109774,962.943429284725,914.3568144774202,856.9192656754699
917.3263155035243,905.4256731645334,906.9931340031364,961.2126228985139,912.5496573570565,866.8449614995764
907.9793789897263,897.5597433093187,898.3871693314383,935.110954835595,902.690151667287,879.310259787101
919.802630404002,895.8137679130339,918.7328788332013,948.6765870850779,908.5600240823194,862.6553416566409
921.1772782051775,914.4449145672495,914.7465735154266,951.5528254342157,916.7397261743135,874.7497601119778
928.1296008132988,910.6023413996928,924.1715254981079,949.1048285924342,919.4590495067669,888.4557709636016
927.6073126707724,918.2392406043135,923.9479576473669,954.9784075059378,924.059741572737,887.7400788057778
928.3410452871091,914.6177237622933,915.1264200965715,951.2153062662937,919.5371888719687,893.4868222881094
918.0111778534803,912.6199285807834,916.3780331993306,942.408748412823,915.7522266479506,894.6223214190436
935.5238844851636,917.9007239600741,934.8991325730361,949.9653869267887,925.6385828861829,892.4293624323249
936.1346658745493,930.772502238949,931.4288498682102,958.9975692521577,933.1639912206227,901.5342588504352
945.0799141616906,928.3848585809661,940.4085151483564,962.8286856202562,935.9186825082829,907.6856375794466
944.413739512675,930.8084236035319,934.5354790590683,975.2946841806497,937.4719971037119,899.5437554559833
937.3593482684585,931.8696055984412,935.6839590869854,960.0964360757598,935.1097190730264,912.3587896278614
936.7679455567435,929.317011817956,932.5837856043682,950.0501963657568,934.1338723456764,917.6985053437473
937.5461073986535,923.355944325037,927.9219557962115,958.9360794758547,930.2528707002895,904.8333374448471
932.4783840887901,915.1980670811447,915.4494689829792,966.7525452484902,921.685712389595,888.0763450453377
920.4067862314736,903.1264349138744,907.7588165939733,961.3286207559528,911.6041427884759,874.9269499428437
911.3303193333869,901.2635026582295,906.3702358758882,943.4353838714248,907.0645262349303,875.0674638895358
907.8828990928049,897.4170720498896,900.0782819672397,930.2558355175217,903.2242589215635,878.9242262223424
911.3270992143408,898.3867943574672,907.4956406741472,933.1643336307254,903.7869613206931,874.6490038812556
907.7198585563126,905.9510464447865,906.1193401544103,924.3268501778944,906.8074904142784,887.5540577568974
924.5297965863454,905.4142801426548,920.538291077145,937.2105610449365,913.3288156157773,884.999739656897
925.1415102953804,913.916841991409,917.7577274519383,955.4440276584519,919.1480092645413,879.5935657892992
920.0195534563562,894.676706801647,902.3358240941479,959.570477868519,910.0467757730428,868.1516904718198
906.0063195090213,898.3825736883324,901.838681171179,946.3656615603998,902.0872526326632,863.9491803719068
903.3875402989029,887.349583145975,891.570043416385,928.5344810387633,896.7043622937817,869.3802236047235
894.3997171684749,878.5148860689052,886.4697484547796,931.1023777170749,889.0198959355821,851.2954070858332
908.9662003667686,882.4804097662875,901.4989050066739,944.5874855821986,893.9843267307265,838.6609313320739
906.6740718296428,892.4870654218815,894.6800816592275,948.996383909616,898.0894933329505,847.3143913890126
902.8423068209348,891.7974274333262,902.6274580226851,930.1699188511348,898.6537698409561,867.0902043627127
922.2452651839114,902.2862323434383,919.0637624864542,943.8340096615128,910.8456102545695,866.324229091311
944.3356020409126,919.4937725382556,943.7544645174905,978.6407344852026,931.4091135019721,866.63857862738
943.9004289446286,934.9436737802646,935.2749955212729,978.2903998552637,939.5147300193814,893.7939381877138
938.2032125494164,926.5538796729358,930.6982322811391,961.773381697947,932.9866139012057,910.2581615958379
936.3274157494712,922.3828304027484,924.7973143998581,963.0366233139282,927.7477733404983,899.051827755922
928.5988173424728,912.3249171756689,917.290790817591,962.9300808632778,921.0440526087242,887.3838670794637
933.6678622398149,916.0662078429045,925.7203977129067,965.3202502140866,921.5055942652484,880.6313638048038
929.6261415769848,907.4724060661648,908.270891714807,971.8370390859086,916.9956447138564,872.4485643165854
906.3064284563466,900.6599788276274,903.9419506648926,946.0512681858376,906.1064211898495,876.5508053369922
912.2260775306522,899.8982544091668,910.9668300754822,927.3420356789183,907.4543903701871,882.4063538034093
914.2039053830583,907.09399157432,913.4157817062431,932.7643495808519,912.1913058908624,884.170007255295
916.608261242585,909.8556871413641,911.1442682426148,929.3212914077744,912.2800249744287,894.665071632879
914.5618771741721,900.219777659791,902.8403092660824,936.8180522613707,906.9922887543482,884.0813682223686
905.7543469179964,898.1636492866796,902.7178422395119,932.2361947157415,902.7790757527969,877.4042018514995
908.8145153749867,901.875602921533,902.2622617091218,921.8725733361694,902.4900519743167,885.5485481242456
930.4415680801961,900.8612316394868,927.7722776526011,956.6516817726864,915.0172696808613,865.3535595372812
930.322446903194,917.5662514547237,918.0706540786549,973.284396820224,922.9214658656279,867.4430670972773
925.1052695760359,919.2151067775977,924.0961066949849,946.4670852957586,921.0833803868197,899.8511896784898
941.7065769382541,921.4797693314152,941.3043468703625,959.7612877755971,932.7002267826736,894.468861762407
948.7516864890018,936.7763957933028,947.8754000950673,977.7268698426136,944.5898734827148,897.2216240862713
958.331521901263,941.9532950697893,942.0643443247404,982.1123398206107,944.9698722099038,911.2285460026811
944.1341125668611,935.0739700863734,935.4984657744062,976.856028918669,938.7814050495732,913.2601056387679
954.1081390393555,934.3878111697933,950.8928233703298,978.1512038998806,943.1956445723679,906.2000280247582
963.4445767843819,949.0463446980021,960.9085550486714,993.2092417748205,955.9006892095005,907.912841884968
967.9920876066233,958.8982840004057,962.4396139539707,989.361682783237,961.674084501321,930.6315935517462
970.7546893824936,954.1552703911552,957.6756388046608,995.2526732914313,960.0576263793157,931.0196167975439
964.7053279752547,948.851820313046,949.2981914199005,1000.4574237747487,953.4869151122806,919.3251071408833
951.7626282854327,944.1484043488774,946.2744539389223,981.8636331525554,947.7863226794113,923.1943041556476
951.6672114635777,937.8169190870453,947.3910010299494,973.3115412782045,946.8327274844357,919.6502504954874
959.1832764961624,943.2997300669945,958.2087860137383,985.3932175244347,952.7998935218437,911.0586205101861
968.7768897962736,954.5387869593546,964.0175771881562,994.3397449403972,961.1131816009472,919.0356217751821
967.6050421269899,956.786385276075,964.1816766593745,993.4139497821561,964.0996269237653,930.7720505625736
970.2843199279471,958.9949438173613,966.8479734347047,991.1795958958669,965.5148250470395,935.9095134921174
967.7737507931312,961.6732696635855,962.2171899112809,986.5042419071783,964.5325816729927,943.0295988068522
965.0776615844086,954.5941766187079,956.9062086749797,983.0862118137773,959.5616992931302,941.6262965756637
963.5507909211588,951.2833467108302,961.5329964210357,987.2009983591997,959.2196025480076,930.3236754191288
984.1453067637916,961.8509090645895,982.7978659831849,1008.7438993351378,972.1654312021103,922.3392945613132
993.7233776580734,976.2001464276544,990.4204733452601,1029.1632638778824,986.6091696642225,929.6191915538317
993.5098861790713,984.9490944955903,991.5325537526471,1019.8935732921598,990.9765135489536,954.6835160074121
991.3430247501541,978.1165989102141,985.986948265394,1014.3395410853957,988.7597510090204,959.8714972768455
989.9254280883493,973.3780383458098,975.277948477711,1020.6363345868444,980.6324483715523,946.2017956306479
984.1740555953297,967.4149136061027,982.8570205628458,1020.6396586357623,979.0674845202782,937.3733293063483
986.0675521915587,975.5985702694509,979.7593346496208,1012.5487164957566,981.3081776062331,944.4784067174219
998.9110845211966,979.8083209525943,995.5829053602511,1022.3013545802316,987.6711200049358,948.3719908534588
997.5057865101946,991.6979522369701,993.2520285977963,1023.3204104354935,994.4174669790236,961.0439158309287
996.9941373794718,995.3977961664459,996.2276506674227,1004.6723734547459,994.7398396326095,986.1619347391221
1013.2974312346233,995.7649545455154,1006.2007258214379,1024.428881821462,1001.2141882444303,976.6068370661299
1016.3767369451294,1005.9981948223459,1010.3422713569825,1042.954364706311,1008.2714985892101,973.1768176765845
1011.2349671069869,1002.6235005906285,1004.8599523328048,1032.8859453945279,1007.6011118448935,985.4109237966751
1009.9462943427318,999.9273963517654,1007.254073550916,1029.3077613507744,1006.0570129418602,982.7318500824645
1019.0486744459987,1005.7242784229693,1016.6578255922468,1037.9784046808852,1011.9559495715812,979.6201696458977
1025.46461933564,1016.7687662260496,1018.0805690097277,1044.4016067383589,1017.369197300987,989.350983906811
1039.5985114328114,1014.6447050463402,1034.9044851447075,1066.5213769116435,1026.4925270772173,982.3972281714912
1057.3206957283458,1035.8385521698383,1055.481616503836,1095.419150269449,1045.1930508242715,979.3292754070042
1075.4991414654269,1048.066777439179,1069.245999330598,1115.8992710165342,1062.3638079172167,993.6130020546481
1084.7674641486658,1068.9743872007978,1082.7998688862629,1123.8289252065929,1076.02293410843,1015.7653227713053
1084.513357896948,1081.231680470025,1083.175713634653,1103.8359463532506,1082.9877912604575,1056.1490604162746
1088.6886789294938,1079.5134712732447,1085.1360685746693,1099.1017029458658,1084.1558911046607,1067.959490237937
1092.0799253828159,1067.437817802225,1073.9755662750754,1124.521633616826,1079.5558174248717,1039.978345524728
1099.550080814739,1072.0906601636327,1091.522499236467,1148.5449327419253,1082.7490327557707,1018.2911121626846
1104.8410933307614,1089.4439973360818,1104.2305341559493,1145.5073557467936,1097.8765166962075,1038.366064132331
1111.9622403668016,1086.3541129651721,1089.489732596575,1149.8132386263653,1096.8601333762617,1047.300180135595
1094.0809184451134,1085.3038273174384,1092.08676355502,1137.7404545151353,1090.7882480757971,1051.7774081918765
1098.389995640857,1090.0653034545035,1095.3950357587412,1113.40425495697,1093.7408996568802,1070.6497966719007
1100.8176828309556,1094.249561135369,1098.9777941393313,1114.5479727753177,1097.1864149490357,1077.3159380704697
1105.1432822042393,1074.9076199056535,1082.734579520281,1140.223265608658,1090.8561868298057,1048.2138056232293
1087.6124626204087,1073.1206577274916,1076.7504992519082,1141.6218804212795,1079.742539386094,1029.8032124425242
1083.2707653497173,1074.0334922316574,1080.0735622999157,1109.307439677516,1078.4120307759113,1049.9847446500758
1078.8404633589953,1076.9691300352486,1078.7603879913113,1092.2053978951622,1079.416975145613,1064.4338817906478
1079.5689724997212,1063.544309415135,1068.8470202772048,1097.22215966386,1073.8037041342575,1052.48216864303
1073.0841997322555,1068.3960033181306,1069.9956301813327,1097.1695300932574,1069.4213252292682,1045.3873813464822
1070.7826032135279,1062.7042825942087,1063.3052371508747,1084.7407701330417,1066.6504336661033,1052.8244775494338
1077.4114542738414,1053.9271628418528,1074.7168020937422,1105.948992046699,1069.0110196223081,1027.0424619184319
1077.691787890627,1071.81192050279,1075.885426609558,1107.1906271790897,1075.3011143516496,1033.7802301295278
1106.698825130548,1071.372984211793,1099.2977221705705,1133.9900437756846,1087.5915743900637,1030.975773009207
1138.2937177279787,1094.4598205896448,1134.4278594428476,1203.0895108268655,1116.8627908067085,1005.1901656841455
1137.7843644232546,1125.7050444204465,1130.5205216684606,1194.8772771077688,1132.4741905556534,1055.094234254916
1141.5874973957177,1130.3589255695908,1136.3925966227257,1163.113779773365,1133.4565591455926,1104.8440502010296
1155.0201944024495,1131.83905294618,1149.2842498961202,1183.0040334320922,1142.8384232594224,1096.979750226103
1161.4284532613303,1148.7746874096467,1158.127558573048,1194.363519726534,1153.7059042345836,1104.776251456653
1164.38170097744,1155.4142518133174,1161.8203287994836,1184.630265849918,1159.9739436862653,1130.5772283104047
1172.8776783612802,1155.4588606420257,1170.5191599114396,1195.1809354576694,1166.1697443554613,1129.2152682492288
1178.760502536129,1161.5627783784712,1177.8848225571403,1210.6923229178892,1174.2019912342896,1124.1509682256105
1180.7323697628096,1158.6504526698045,1162.71999325227,1219.3608896076066,1170.3024079047048,1121.1617864809516
1165.21753028772,1150.2506628172414,1153.86756341728,1210.328914129661,1158.2937783347747,1117.7069527209542
1175.4806019367238,1149.3887598949366,1173.2046204692872,1211.7973462654782,1163.5360919432833,1109.1505724848162
1176.5860576483244,1157.3121664164153,1164.2513553394567,1221.8510583533098,1168.7279879043717,1108.4367251690715
1184.06987258976,1163.7938098995614,1176.0377493237947,1220.2121907738647,1170.1445523316256,1121.3373059685978
1196.5981167011716,1171.5554744124129,1186.9733620666786,1236.092622729588,1181.5055556952366,1122.7958602821968
1198.2311594001062,1186.1391809077393,1193.9143255788006,1234.8754012852241,1190.4438438227394,1142.0388493324122
1219.432264679002,1191.749234557025,1215.361027778139,1248.98587511929,1204.6376766784697,1149.5483535834323
1232.693465848674,1212.393559392931,1225.3462667165613,1274.5321700570576,1220.3536472473502,1154.5748286127598
1233.413122871298,1219.4056171613076,1222.9246882117577,1267.6092367101407,1224.1354774641595,1181.84070629581
1228.0338399106372,1216.0781977510642,1219.3048117983626,1256.8251053649396,1221.1147500050602,1191.917235691034
1221.8410547889875,1212.3301541532192,1214.1869691930174,1246.4996338889505,1216.74589049569,1192.8332769005992
1225.591241662597,1205.7233912102279,1213.357731210608,1253.2944138282355,1213.7723502018127,1179.847536107894
1236.5000073470642,1207.320776882942,1232.7683774122002,1280.6034586617538,1223.0630543114041,1157.9857563705282
1248.312313427095,1232.8632235691775,1242.877771424348,1287.4790749155168,1237.8230744182742,1175.9082741104203
1244.7734201709534,1235.9442692930443,1236.9883213686744,1270.9487255390195,1239.9330463965114,1210.2531236994555
1260.6598639326085,1231.2395749975583,1259.2302953128756,1291.3448526393681,1248.109308340775,1195.7212531069722
1295.42293210848,1255.2217736892273,1285.6914888687231,1348.6438097233945,1272.4608920907995,1174.5901913376401
1296.4454048361526,1284.8841198425457,1290.437394348979,1348.3820101926965,1288.0644416088512,1218.9759016605503
1315.3334486280726,1288.829867116665,1307.1927946099627,1344.2758112811598,1298.815094479471,1249.113645018626
1344.1237572044076,1308.0620431866248,1336.8014509157733,1393.0539660482104,1321.9971227628682,1236.6407272252368
1348.032688187707,1330.3347880511014,1340.043372653715,1400.4451099644248,1338.4224117847443,1266.0460745784565
1356.7502810739857,1339.5455186179663,1346.7969636035084,1387.520871645916,1343.4201681286117,1300.2642151643563
1365.7506560347267,1344.4026910013947,1365.414092333036,1400.0811363188263,1356.1055279682723,1303.6993175954503
1371.1787250086882,1360.1838676691543,1368.9197757048548,1401.0199303223162,1367.1669340189455,1320.1628743901542
1372.051630257016,1330.850534585028,1334.1566112175042,1424.48342932064,1351.5381934611796,1293.993546791838
1348.9761072973956,1333.9636472869636,1347.1562615994478,1417.4394669300589,1340.656436408476,1276.9055777240114
1347.3540154676016,1328.2830790265382,1333.7643379190263,1382.4683909224386,1340.4602997592372,1297.2598997937027
1344.479489195577,1325.5589266089482,1326.3264100675433,1384.1782576895318,1330.045373993285,1289.1995101203042
1355.1226789610832,1325.435433588484,1345.2368437870964,1398.8717548488303,1335.78162692732,1277.352234950763
1356.1203081973144,1338.248132671469,1344.876347191881,1403.628250422251,1345.056595489489,1284.7296981761417
1349.7580578728075,1327.8447432967068,1328.2271975838164,1393.0225591654062,1336.5517723878488,1293.5588339105434
1331.29165066873,1299.9000530900853,1306.2808945309332,1394.3836228866044,1317.254046057375,1261.1213424997436
1324.5644880324744,1300.7660531137553,1309.7443370563692,1383.7083523934057,1308.0126157936515,1245.733271149999
1311.3446834933902,1275.8212653295789,1290.3716950420044,1377.979928875972,1300.0580160491872,1229.6752961696488
1313.039220644558,1284.5754702518036,1300.7152025742294,1376.9787753236583,1295.5434488081173,1217.0108539322464
1302.6389940443273,1300.7147541675902,1301.3573676022888,1338.5404156844775,1301.0362850882595,1262.570440010751
1302.7982943995937,1278.517282778268,1280.5751536000546,1329.1537160818707,1290.966260601172,1263.6405873367166
1278.5051386543166,1269.6892701692605,1273.7679180561656,1324.0074945607876,1277.1715358281103,1241.2652942948357
1282.6050368753924,1255.7217093870051,1259.4094069471448,1316.5695039411244,1266.5886625016556,1227.3215140075183
1260.7489712563151,1217.3555814584242,1227.994525038919,1342.998291117246,1243.7019659930322,1167.3064979015535
1238.8203292100873,1219.4471577047939,1238.2957856923783,1313.4637374846584,1233.1451553656489,1156.5473342267005
1251.641493003809,1236.7033973698067,1249.944914950371,1279.7845315436339,1244.1203503213749,1194.0063636953976
1259.4294791764844,1237.6902831548116,1254.938354108174,1292.4917096005936,1252.4416345292727,1200.7984804614089
1260.462360501499,1238.8467463268782,1240.4165414247632,1303.6769307068398,1247.677447766469,1195.2899052161092
1244.936288759412,1240.3886582721475,1243.265876545836,1279.0578360895383,1241.8412089853,1213.6497244348284
1255.7366230857144,1240.3826684624503,1253.1360375800762,1270.3408064292125,1248.2009570629566,1220.586843652894
1262.694379509814,1251.66186755141,1258.3779624669608,1285.7448205946275,1255.7570000235191,1219.7786541404603
1265.186849473902,1236.6402982739069,1242.019199441738,1303.8938103679905,1250.19858095435,1204.946152471996
1250.3044432431382,1225.689724595509,1232.974996376423,1311.477343855678,1237.4970979090813,1178.574169236621
1246.8433897176874,1231.8544553207462,1235.9045280725986,1288.5129125880007,1234.4397622245115,1189.5037799765787
1241.1712781521637,1211.592166701874,1220.2910592052924,1289.02272879474,1228.0977936389463,1177.6026141766665
1248.0278913708216,1218.9747139201213,1244.881950706844,1303.9307339689828,1232.586504956069,1157.3500117165113
1254.9399667162324,1235.0661178260575,1241.6912699195514,1300.9117283175137,1243.2866103131983,1178.5941624653292
1245.967905212513,1214.9648915120179,1218.5089871393839,1301.8799988686383,1230.1001285294683,1174.6878423919666
1227.3328478629057,1186.9266241077748,1189.3786773238699,1309.1264505204026,1203.9438322316275,1130.603356881341
1192.717600405949,1157.321643749201,1159.0752482944229,1287.0367916716968,1174.2269628091472,1097.5313406420028
1167.4106592208677,1137.0550205828213,1142.7363027834654,1246.7487144692984,1150.905775538945,1082.3697262323153
1154.4932041395336,1137.3941734067137,1152.6425329679637,1208.93403189027,1147.6894178757152,1090.2973584631068
1161.4512619374782,1152.3333671764278,1160.897173510592,1184.3526596171077,1156.7698532392785,1118.8103458824346
1163.5947839012256,1158.4402137093196,1160.546464045154,1176.8428609914588,1160.7218187778735,1141.1616986090703
1178.692266951104,1157.7070700351294,1173.2672903241457,1197.4832208760085,1166.9068771846505,1132.1338031063092
1180.120308287828,1154.738410572801,1156.501790445799,1226.2377910078599,1164.8845403849732,1110.3200544303581
1171.9092314247043,1151.3616503667924,1163.3293231579605,1222.4018992970373,1159.9155568018805,1107.5782023646925
1169.4721159809267,1135.7996738015777,1143.9322253594419,1225.5842684988534,1153.6307742587019,1090.0342104057036
1149.4491488217452,1130.56574883461,1136.5510371573537,1212.6647131894704,1140.2416312583985,1081.2751077732623
1141.6136446569963,1132.0627689230894,1136.6511425164667,1174.1621871064017,1136.601089836911,1103.0764978037992
1138.01736425893,1114.7369786555494,1115.7368990347359,1172.9274693685459,1126.194020775602,1090.8493160253297
1127.3878987182684,1118.2390398611585,1120.4684917394045,1165.4097329800136,1118.102695387071,1084.33662182879
1122.2590361928308,1102.4754271903819,1103.6824714611214,1153.9691356240528,1112.0754816002636,1081.6379659751583
1116.3207262428648,1076.0236414875765,1084.9806284701767,1180.2871955382188,1094.3315499656496,1030.085461143878
1087.3422934464859,1069.8302309459516,1074.8801121772751,1160.523514543957,1079.9303703237265,1016.0006464044027
1079.170923926611,1058.8167335742762,1062.175752182955,1121.4588026742786,1068.5279321801156,1026.7931705421079
1065.6425802812578,1052.7069265722043,1055.68827907788,1105.9693645521575,1058.932015630418,1022.7447543986889
1060.8064765756747,1048.4872099483125,1056.6752564653127,1088.6303903517805,1056.1817677715967,1025.4930895107439
1056.8657117747837,1036.511191668277,1041.8372451406722,1091.77974421017,1049.2562508029928,1010.0952773755002
1044.7568822626133,1024.9698541703422,1028.5986845579114,1091.339926410389,1035.217964849292,990.9860559134466
1029.8518774474865,1012.5982658415447,1014.5254554901948,1074.6799377554978,1021.5620700240534,982.078338509968
1023.1687088079093,1005.8532521971862,1017.5335791185447,1061.3728796033683,1016.0295173043701,974.9502090617085
1025.6424805445165,1009.7987965128232,1011.4922789986796,1057.8358293259523,1014.5129290586125,974.9379777199135
1018.0048567063562,1005.1450084064116,1006.5495135448912,1050.7322684024152,1009.0208962717857,978.9734375733226
1002.3383504255144,978.2467191718275,983.2581995275219,1047.4978729165998,994.9038565362068,955.1191740325235
1004.4788707227227,983.7427159102733,1002.2154801704014,1048.7457124461478,992.736839848962,936.6762472808094
1011.4460744126504,999.0285429151135,1004.5240982538603,1041.4091224454082,1003.3697892121311,958.5249066704447
1018.545709324667,999.8959701399988,1018.1303893966954,1046.312175889209,1011.3272438252781,968.6439991836984
1021.977673976238,1000.3815878385814,1001.9817428099919,1060.91045169926,1010.0560661033439,960.2958883934504
1020.9553146474593,999.0249327389521,1010.1594807936513,1065.461671864734,1006.0706118018219,956.645501749327
1023.9935982640135,1009.0827818251989,1020.2198653988687,1059.6631047032158,1015.1896730962603,967.5601088349139
1024.4503179516198,1002.7146243543095,1007.8584359262999,1061.2108805187881,1014.0391506625847,969.5946054284786
1009.1499291763977,986.7762116524194,993.139659243907,1061.393391899162,1000.4990475851039,951.1198640959431
991.4564503077323,982.9550345373262,991.0752073010864,1031.4657308949986,992.1074332724971,954.27789765904
996.289006105996,990.6590056354377,991.7814025929778,1008.0567023804101,991.4283049470325,972.7281617780013
1003.7481792839991,983.7263097122424,1003.481766465397,1025.888116129844,997.6315845291879,961.7584410240586
1005.1633311332561,986.5320317537924,988.8903498031948,1043.484911344156,996.1860581342964,946.8519889661072
989.2557794045113,982.0235037542845,988.1344826302284,1023.2739505917671,988.5124162167122,958.6150130175433
991.7812298303054,972.6973138161011,979.4270912882903,1017.0466208215229,983.7807869592599,951.2561416604476
983.483600411216,970.6793492516983,972.0423946734661,1019.7898701162317,975.7347429808788,940.0694521819289
981.9609817336451,971.3779584527061,978.9429531887116,1006.2508006522327,975.4926739310895,947.7826145510933
985.7591548845152,962.8918796783894,969.0429582391787,1017.6360504876427,973.9929557139458,934.0103042699832
970.1068059363191,962.6945467486437,968.4139021304285,1008.5092864644931,968.7284301848042,932.8104504799924
971.8741065642203,967.9844233055763,970.9762977735497,982.3286239302988,969.6950999519897,954.0737678145026
976.4337360270429,970.4250411334397,975.4465026136785,984.0786437560287,973.2114001936147,959.332698375413
981.953474811178,945.5288210700529,947.1969020162722,1022.3338349841374,961.3217023149759,916.2504633973188
950.7192449794537,912.2748979722526,912.6525829837838,1042.6870259038155,929.9247425000285,855.5145240330022
922.9027078866687,910.2159281815984,919.518529163017,988.8232360134984,916.0855560734009,860.9954192328221
920.3507489852435,909.6913899693267,912.2340965038219,945.1227577964038,915.8763128334199,886.7574109939383
915.2555459464567,904.0321112822298,904.2760210690415,939.8172671104135,908.2550587864321,885.1102829100566
913.7457754493081,904.1791148332795,910.2413471774718,935.4103385448702,907.258684123257,883.4351003442341
919.2052529866047,902.0141011101456,905.79747779069,943.4459439070907,908.0194124840813,876.5514126758738
920.8502966201783,906.8546047115159,920.3516897819022,951.4840644531894,913.0745837862964,873.516954990388
926.6808203600011,911.1079643784069,913.3335085010037,953.5732382938418,916.8425991414533,879.6518685682026
914.5037413241802,907.032412759006,908.8562416758542,943.799069849332,911.0948750884293,886.1886084824133
909.3910272477249,900.0825291424793,909.3112961939061,928.8057416595036,909.0837689348805,886.8561749834566
912.5459369737607,906.1522933798824,912.020748234815,926.740986525559,910.6660222143609,887.4856322777516
935.2199418505717,908.4761941988139,928.9971329365999,957.4307391721009,920.5089405857077,874.5872610580129
928.8475659896416,911.5948142782864,912.8655065911529,976.5799163729995,920.9313197638767,866.5886679652197
917.0765900551555,904.3138980651029,909.1136337080341,953.2286828345096,910.9895701495938,878.1900735809926
915.4194965920562,905.2346003415241,914.9181459179604,939.3420363995225,912.0158898129976,881.9730657980629
926.0682761708359,914.1806746805634,923.1996959053895,942.9501505896708,919.0589209116753,887.7689062376613
925.5334426224172,913.9211483678438,924.078792697179,949.4508536807261,923.6392443012846,890.7011143186136
928.748124408386,911.7673497463813,928.1062216362977,955.9638259705634,926.0925071667388,884.4811536791206
939.3542092023516,927.1455266639956,934.5074304215941,963.4771466724687,931.3068260289463,890.5035036715694
938.5883474040284,927.147889412205,927.3314608275033,962.7704266600805,930.9194456245491,903.6475753346347
948.7403875044231,927.435398657123,945.8518193635763,976.7218953800747,936.5916400955402,894.8582782822685
949.4019669803889,943.158691539961,946.984008065426,976.881966814165,946.4179137145015,908.0113060948474
947.8814836885475,937.59771150486,938.6792204546714,965.2454582976106,942.831614260049,923.9278392373244
938.3597262024335,929.834196637234,932.2061711909852,962.0249027741227,935.4426958228287,915.0016484019073
943.4472842055984,930.0745684005637,937.5999520851045,962.9361079464095,934.9030616380453,908.1904945208264
939.4164672577216,920.6434670710622,923.6716961830521,973.8625127093433,930.6358241340788,893.4982227301107
939.7607333570237,923.6609966290665,936.2457382447408,974.7899069752802,929.958717213897,887.6080646887413
937.682486104238,929.826893964171,931.2871368737436,962.849082548863,933.7664375592428,902.9607603788048
934.916999560489,918.4670124618998,919.6283967446302,960.7843705790258,925.4577668091875,900.0204224823876
940.9784352544356,916.3487915903627,936.7561147282829,979.4999612542781,928.1922557364571,876.8008843476254
943.782320312428,931.5694442173187,942.0418519166583,979.6290403665257,939.3989833224712,887.5227409685726
950.6193592851154,940.6981265713068,948.3139630552329,969.4665262098592,945.1779074859462,914.131254187567
950.087086141678,925.5176049414672,929.2247214879218,985.2178280549977,938.7693422715779,898.9910432699517
934.3336650760516,928.4194315900165,932.4232858422465,973.0347158491884,930.8240036650848,896.8254291335761
936.856509503295,925.2543518427809,931.5939553600218,953.2025450660021,932.0086206011348,909.4115671996317
932.0482943270395,916.7309398960018,924.4422280504317,961.5711090608538,928.0180917052273,894.272328831977
930.3515741681404,922.0204889856512,922.0881514686415,955.0127491964022,923.2651897595372,895.8916501625877
950.3313718905425,920.6372046160689,943.9485392000113,978.8754712555699,933.018345334327,883.8123401131654
946.2696238028366,938.2633131987517,939.3969037295446,986.5062665193728,941.6727214647785,892.255071822979
952.8824642524587,939.0582821839063,951.3132119905925,971.5415625942235,945.3550578600691,916.9653309126327
975.499761895086,947.6300920215888,975.1083837787372,1006.389859144098,963.2107978846655,902.1552292889764
976.6235559132695,965.3772134597396,967.8290954504985,1015.6466825541478,971.4687396146185,917.8566517365824
981.2812962542754,965.7806588619218,980.0717734336796,1005.8879359382852,973.9504344420897,939.0204863235788
987.5089943511354,975.1233749205908,985.6902120659055,1012.4829654657625,982.8809927497932,942.7673234085195
990.0221016480926,979.5852468995148,979.6446333954276,1011.7214887223575,982.6674227306672,954.6653032745538
993.3005689259852,973.4428247992006,981.5970731331776,1022.2117375128362,980.6208532643033,946.4752403244324
1000.4961355994328,979.5135338769376,993.3780809812635,1038.1615543556827,987.4875770572212,936.0606897324853
999.980512661682,988.9224747744387,998.6516554071652,1032.5628022555775,996.0148681942151,952.4612032312332
1004.6852632607848,986.1321846693899,989.163617643442,1032.1783878741733,993.9076365253043,958.1505966775796
987.6426380231492,974.5669937287006,978.0045033917805,1028.0527083559914,983.584060517612,948.9809011413848
978.7275480960385,947.2513733197302,949.3008987058545,1028.3384582649005,963.6527010488182,916.9589105880107
954.0112236695217,948.4595614799256,949.8089292811503,1003.9278368463247,949.5549139935031,911.3582444315662
961.2085517795801,948.1547364444472,958.4622232350146,976.3208112432467,954.1355762580831,929.8071174314264
964.514966189981,952.2727213031028,963.5431366683548,988.3252541559198,961.0026799516854,925.0851036008942
975.9055236980645,964.101647680285,970.8386981626471,994.4063753804442,967.1909174155016,934.2910731188024
975.0834597670826,963.916401923801,964.4424146099195,998.6015588291516,967.6405563862841,941.1742241765014
967.8340299239062,953.1568836733966,955.7516990301345,997.4794014089057,960.0970568200278,932.86889117443
956.8868120271967,951.1444206078778,956.1148637589397,982.9093802120615,955.9332813945379,931.8605360374925
960.9554973850924,953.9845947665265,960.0157498857781,971.67710696788,958.0653068223596,939.8938718731703
966.3486880606185,958.5250278125205,965.5915350966434,978.5038308823853,962.8036424912115,941.5174237157277
974.9717092018676,962.5400082193283,974.8944215689914,991.0271249826483,970.2429783328182,940.3887219060573
973.3487973193163,964.9804505210616,965.3255905429992,995.0761955049678,970.1100060559961,943.0760760529852
970.1710876502643,960.8354250208824,969.276866825671,989.5452148513442,967.3012286843359,945.285191282255
976.5967707638208,964.8389879079498,972.9155719883968,994.5937168220582,971.0962194070347,941.8601031089283
980.0965646707748,950.5327237619434,955.5082958525323,1020.1922121785099,964.2119339204653,916.8881527667563
954.4687651594625,945.7654133730135,946.4539978958036,1006.0424330915218,950.9811468741686,910.3744513533235
956.0268600356792,944.6948351523317,953.617544801448,975.3906129656823,950.0357713486264,925.3021712911936
964.5795940164437,952.5043270750749,962.4101845932429,983.8541392244531,958.0138646973461,925.3359096626648
968.3945061875587,963.525982360047,967.4113852192362,983.5191690686446,964.9107849062402,941.1596921464458
969.6782293213846,963.8873417362194,964.4367451322022,979.7253913445027,965.9240651757199,953.0768628128128
981.2189714987479,962.0692934436904,979.701415203105,1000.5952153427718,972.0690801676542,938.2438012422174
986.8113818346635,979.6612668549177,984.1442518517163,1010.5296736012046,981.9228335274113,944.7801910141989
987.4080930486791,983.2953150117714,983.7388553529554,998.4072115515248,983.9415536023365,970.2499790098937
984.5465002256533,975.3969138800769,981.5543793746473,999.290957152771,982.6466173638021,966.1350461965635
987.2174659122137,975.5403049405148,985.212217088755,1006.8209150028464,983.3832982317019,954.7540467096609
989.37434939212,984.4473481534236,985.0265044226179,1004.9818401964183,985.1193607556872,963.4714346704326
1002.925465555445,976.050931524287,1000.2147831751474,1028.3286980345717,992.6206437988835,948.824859859938
1007.1103631064493,999.5286096315795,1005.6183158462435,1039.867804879961,1002.9165495106963,953.7270861148938
1014.286758458312,994.4094507378119,1013.1580921973741,1038.3829667951056,1009.3882040218097,969.7353138066833
1028.2274906410485,1007.6480311729218,1022.6392549445038,1062.1186157173097,1017.8986735709398,960.9766977457455
1041.1286150173967,1017.4810475033313,1040.8421135783124,1079.384748639229,1031.740684261409,968.8171811837515
1056.5762050792514,1034.919422481452,1049.5662075671003,1094.652652630175,1045.2041605727072,981.3917773505159
1052.3237438031535,1042.9365052683274,1045.9548502422433,1085.7603017252568,1047.7605289046728,1008.1502488936959
1045.6450366280387,1031.1099465193602,1031.2076332183415,1073.0505060748394,1038.5812417302934,1013.2446844660803
1034.5840610236778,1024.3917235392853,1026.182583700067,1064.9941607756073,1028.6951084592051,1003.175591792932
1031.257678083846,1024.1498184641835,1024.6623257694405,1050.296100624223,1025.4224547347546,1007.045607864088
1036.597430857841,1024.7719231362735,1027.8059638486181,1052.9533413692993,1026.23414480903,1005.6199230162267
1029.2661289205435,1015.0697264099595,1018.1652270872138,1059.1201133287432,1022.9855954679167,994.065337748367
1019.8584322727933,1007.8375508800816,1011.9011759355009,1050.9494119619224,1015.0332015113581,985.4062022036858
1024.1730908011778,1013.6123111355125,1016.6916544893661,1044.7234175445906,1014.2964152124343,988.2692648986508
1020.6172991446088,1008.6732794134324,1010.7649002164007,1045.025025622941,1013.7282773528843,988.7630271308395
1011.5255013075478,1005.1277998496704,1006.8420358084499,1034.5037179433416,1008.8034680124263,988.6494149707097
1012.3170728302894,1000.0696645766407,1001.2670651030387,1030.6612309362745,1004.0545504557452,984.0484566574619
1014.4653408362099,998.3226393320689,1008.3804355847265,1041.985320059164,1004.8237503438836,971.0100456646924
1011.4586739874927,1004.4509933982794,1010.7977193319495,1036.2662151231007,1009.589077458339,978.3902598897174
1011.6916549663231,1004.1260153387691,1009.019950260794,1026.2012395884872,1009.9088347963727,989.7679390465713
1024.013252885981,1003.0397824264736,1017.4941214493977,1046.636966765026,1013.2570358550968,975.2891915473749
1026.2654900751559,1016.3279369258736,1018.9807403070764,1056.3157507915012,1018.237430878238,979.0381917695294
1026.1599108705395,1011.3266440811789,1018.4863219863212,1051.1398570799556,1018.7335311466998,989.2128072333506
1017.9034861876661,999.3715028047203,1000.9329402331261,1055.6751842376163,1009.7096311097246,972.2620588068526
1003.6095746618681,999.3009243263915,1002.4507917411755,1033.7766795878315,1001.6918659871517,976.675095291778
1012.1837859027637,992.7329505928247,998.7741407200347,1031.8541382674503,1000.612466230606,972.4554241539138
1022.7270056136638,996.7113651757402,1018.4262071750017,1063.4457244948724,1008.600173947519,949.7795351252182
1019.9204307990941,1014.5035417314845,1014.6753513531155,1053.1058202000036,1016.5507792640594,974.5244964361726
1026.8371206816282,1011.6974316835082,1024.9538567854788,1044.0622156035033,1019.814604069298,992.6707704391815
1032.8243858678143,1006.1485151956281,1009.6641121304534,1072.1077519106657,1017.308984457967,967.5688527349025
1015.7520398739745,1007.6105419125504,1014.8048509156046,1059.4873410895675,1012.2344815230299,972.4439195055443
1016.3129485045317,1003.6750709598513,1013.0983017684224,1036.9236967890474,1013.9515763420144,984.9752580237885
1015.5604295612046,1011.7112250875605,1015.1908741763847,1032.5101473512311,1014.1445879724045,991.292442305422
1022.635620664468,1011.22223708557,1020.7070048977117,1034.4319700867582,1017.9489395370491,996.2754999554052
1025.9813761574565,1019.2995969226038,1020.2632530801,1042.4895384870215,1020.4851289889068,997.2516314526474
1027.3541202001556,1017.504060378727,1023.3211066869261,1043.2688637377241,1021.792179883514,1001.9392660970235
1025.5462045729043,1022.6816883363812,1024.485278581048,1039.216192199693,1023.903192633988,1007.4297520548159
1038.4838073162343,1015.8149439879214,1032.697488911263,1057.802538970841,1028.5913837461565,993.9690900587532
1039.5145670823597,1010.2560266639695,1011.367735031396,1091.5943763311652,1022.0326119713304,961.7758669644099
1012.9437728710574,1009.8866241475816,1012.1732726477251,1058.9671175025887,1011.7705038395615,978.1778946479263
1014.8072786748613,997.9101456267998,1000.1914763679155,1033.9762824220188,1006.1823745078211,984.0905779931783
1006.8883424075681,991.1904547860279,993.2202353989125,1043.7080160604023,996.7058558834149,962.2204643864006
997.6443850730979,992.021405166107,993.6600235171649,1023.7264526403208,993.4401294580396,970.4242838189956
998.0967603235555,993.1267483019851,993.6291696827311,1008.4918606348841,993.644596599949,982.0093808134835
996.673301433164,981.2254469708373,987.3255062905416,1017.9359536849138,990.4773379866374,966.8912874751734
988.0132624646081,979.5393029914684,981.080146806533,1016.4222433582472,984.2028265485383,956.6177085195833
991.7836926741064,977.2233960947792,989.3755234689545,1013.0768993344145,985.2278351377447,955.4912592032496
991.1226086232033,981.1221169107963,985.092116023598,1016.1723171893068,987.2338197462773,954.7703464599738
995.8336389087285,980.2096962277423,992.2924383027057,1019.2768003106121,988.6922771631529,955.2157143271314
1008.1654404542767,987.0404530717313,1001.7884154579509,1039.095671954743,997.0404268803293,947.2233467959165
1004.1737657590169,988.4500600601519,1004.1477362771304,1043.3660399398511,1002.9680758675416,951.2443072363278
1015.0267300889307,997.5739428898102,1014.1268861327561,1043.0521622395656,1009.1373112049442,960.1109299946042
1019.9651643229275,1005.3041490242707,1006.2285770065707,1049.8672278078461,1010.1777315696644,969.5827215634052
1009.5801975334048,1005.6284507755622,1007.4430692509404,1033.499323954886,1006.8358231287566,986.96741881364
1009.5033388450756,993.1847773942743,993.7537488026164,1029.9527946273315,1000.5984090267794,979.2770241057242
1003.7935693777822,994.6554487388888,994.8975929171644,1032.2798902352768,994.3256708598915,968.6381850110423
999.1713602599704,993.9584264565681,994.6444066105279,1015.8889384637471,994.7709997638472,980.0113023580102
1004.8100348367636,990.7310438890694,997.8925613119017,1021.3955869200952,996.2684839612158,973.165775042356
1007.7716339557975,993.7879123556323,1001.5685331822206,1034.5505734446447,999.7305472470621,964.3937920749984
1000.8224466130929,973.5505850015118,977.904829566111,1046.027023660363,989.7366813741667,942.8880656309998
977.9324824969352,970.8759571967245,973.9833651449617,1024.1081068564338,975.9440973555372,938.2871395769565
976.332642158043,959.281244874424,965.3616751999109,1001.416247010984,969.6725201724372,941.1464405514121
970.6841705022867,949.7059019360739,958.0112408013573,1011.9174488129709,961.686458000635,916.8432841883938
964.1140071203345,953.8666225854904,956.2779262059292,998.9086574386758,957.1445835036441,920.844524686036
958.6758088906507,950.7715765854446,950.7791984916017,979.6339944384351,953.5285623487663,934.254952338312
970.6934312078226,946.5273039676714,965.6279368061514,997.0923079602406,958.2035676488774,916.9164090968496
966.1998413422903,948.0367362192472,949.9603549409499,1011.2528165267508,957.7941458735515,905.4297356187678
973.1204323988537,944.0843916576478,966.9459294958905,1017.4713725755782,958.4531422184211,899.4735079149583
975.4141553686355,965.9871024684212,973.9532029107114,1013.2159138308989,970.4495662033019,917.0581797273506
985.4335351951712,971.9481827491489,979.9787742703143,1003.4749336320235,976.9659885905137,946.1939202664347
988.9656848256913,971.0846029658227,974.9716039100523,1018.8220763943634,977.4751890901841,940.4059906296391
982.8795093228741,976.0494503856122,978.7388157843733,1010.8206766958998,976.8552098472137,949.0428247030763
982.696429633983,957.9527103681843,969.6670797834792,1014.7010496300605,974.2029477839271,935.7666041224118
987.9775480614002,964.8249313803476,982.6847185742374,1033.8233125418733,976.1758991788593,914.0824726747479
990.7322008080204,980.764817689017,986.6981828650509,1022.799766448361,984.6914507196451,939.9997669482241
988.7995064908242,979.8183917074357,985.2227644783003,1008.8057172063626,985.9604736716765,961.4344724503859
985.701162916641,974.459564375465,975.9813472750708,1007.5784921589375,980.6020558766864,957.021708847529
996.4462199477374,975.2150970952794,991.1411139930951,1023.839503512823,983.5612306340838,942.6577000287407
992.5302931121875,979.7638461098295,983.0737427459129,1028.7970818968383,987.1074283695049,943.8031572598013
988.3015381898322,982.9817925289201,986.9788588633053,1008.5991001220891,985.02630080461,963.3836184639171
989.4153358774762,978.6671125381461,981.3463465045447,1004.9994609240365,984.1626026839258,964.829538423434
985.0706112893448,971.1349441342056,973.0502957271244,1012.0848382551901,977.1983211158354,950.3751120190198
981.5360932721557,966.000146554921,977.930589462551,1012.9981752529011,975.4904425948384,939.3191405719695
988.4282499994191,970.8608331162683,981.560296831258,1018.3669823978323,979.7454431469052,935.6085733968716
981.1051087755236,957.6130943317106,962.912011482712,1026.2682836354445,972.2361541569858,923.619705318038
977.2965619900789,961.8305314703383,976.3533205624892,1018.5668934363116,969.6326660226014,921.1717810274307
980.4200575879106,965.2304066315643,970.9741533218505,1009.7559300333397,973.6637369421705,933.1167263431255
973.4538915553344,962.7486942396827,963.8098370115382,1003.0095967857667,967.3919951666951,938.2724761057746
1006.4907003149677,961.5116625065774,998.0819412333484,1046.743723492776,980.945889122444,907.5331356826739
1003.3332646860105,983.1999201094802,988.1101789612617,1071.2564183842,993.0960600973058,908.4754624219019
990.8959232407137,972.1415246055307,981.9423736353638,1036.3855620259292,985.0262762983134,939.1662039966491
1000.5862375648891,974.9156615356694,997.3696270475558,1040.6788054026147,989.6560003414604,929.6163687416109
1001.894580318235,997.0021498153368,997.6794560264643,1032.1489652338573,997.5245415370107,955.7414489035657
1003.4107649875224,996.2066435532688,998.3939947515739,1014.7871537815494,998.0367253890197,984.5457739386729
1009.8918890817661,992.2244748459922,1005.8467565481329,1031.7047211408135,1002.1203756498539,969.5258819657479
1005.454415367045,981.6641266103296,984.6206219444715,1049.5715823950377,995.2336892463027,945.9273249138173
999.7656461088256,983.1986213179199,994.9232519384428,1043.3905798066246,989.7719369414576,942.4972959375746
997.8904238246379,981.8662378572095,989.9979046468623,1031.6873579052449,992.460578292653,950.2093310094124
1012.3239585356423,988.6320763735239,1012.0642019039924,1045.233477906058,1001.0310532754279,945.9433075821939
1018.2263059942338,1008.734884323083,1012.6838196812472,1048.783399051264,1012.3740107926203,965.8251394680939
1018.4394672174126,1007.8665914132424,1017.4141355837954,1038.4967957218955,1015.0489776325219,988.3360520335959
1023.3436584887041,1014.9017096079277,1021.3667076552339,1039.9965194059523,1019.3904216195152,992.4594576935888
1022.0921005815737,1012.0103704827384,1020.9838364331353,1041.3264917618553,1021.1752720441851,995.0172943128288
1024.1365364295318,1014.4317970364992,1014.9494472932893,1042.9969566655018,1017.9666418632128,993.5307829358346
1025.995705747554,1013.6746978933642,1020.6977349095413,1047.212495725605,1017.8235911014158,992.1481276075517
1027.3604043450352,1017.3557328840031,1022.6254156365189,1049.1271139453597,1021.6615752730306,993.3129156573077
1027.5865210284837,1006.7207486028384,1007.0320688014024,1058.6068778464964,1014.8287422189612,981.4307681298058
1009.1595068242382,1002.865886063996,1004.0477488863743,1045.7661125999161,1005.539908843889,977.8676296352
1017.8305525779072,1000.862178838374,1014.77004680879,1036.9193404468233,1009.4088978475827,978.7643541973877
1017.0618832775311,984.4375836998875,984.8703727495877,1067.7132948013168,999.8202097791893,943.7316115083777
983.898452918974,979.6513090052141,981.267350357242,1037.8925719040378,983.0688615534153,945.7139631755317
996.2226786113943,979.2370619662948,990.7957683848687,1011.4485604750851,986.0315593710559,958.3666590779396
992.7617569664711,980.1082461188465,984.5713615904975,1024.3585494481288,987.6835649876837,950.2607307163216
1001.9405632070324,979.4741995414953,999.3091458092264,1032.8069270687208,991.9402536998625,945.0072407858195
1012.0979313696171,997.0571848782193,1006.1401770031462,1044.893689967094,1002.7246614061869,951.1259145747599
1011.5323626158381,990.5012030305166,996.4596370636436,1048.2205798781465,1001.2999070333956,958.0408146863515
1008.5786541215061,993.4300046415307,1008.3426984181683,1046.570873301293,1002.4011677409067,956.1213506380536
1009.8172484074892,995.042505106955,996.0254354893751,1039.3448516636893,1002.1840669537723,964.5363697124183
1001.6494916709539,992.8767830482125,999.5537931314343,1029.4282897249304,997.7896143104053,970.5596599167445
1000.9401625078506,994.0338798198538,996.7909267483471,1017.0363126642117,998.1723599398913,977.8388343873692
1001.2394087990652,987.6122497763375,989.5432370076936,1021.7405060088056,993.167081878021,970.4069017319974
992.5185679176869,969.5526270242543,973.0410174305009,1033.8342736065065,981.2921272190979,942.3515238161087
987.9635653255569,971.5860838083231,982.2035710029508,1029.9901835308308,977.6222942167265,931.6316275041677
984.7086020238347,964.2102492925155,973.6384189071013,1023.5643950047231,977.9209949550266,931.3748093833436
996.5672404987142,968.4593404339295,996.2541636074175,1039.8618294684204,984.9462912572599,918.3461974781637
998.4377833593414,984.7793493280067,985.590569442403,1039.7649694708443,990.9223665249108,935.3491342305488
1000.0131542352858,983.2467778741113,996.4097160393956,1029.886087020584,991.0001427408998,953.8240610393138
1008.7307309220365,975.4148396217134,984.4622923900516,1055.1553611749969,990.4360042147241,929.9496920212557
996.8205250394788,983.3366984703324,992.3564954399772,1050.2265724599602,988.4093939150149,933.2272777862894
995.2567464201187,988.208698618668,990.9637023280106,1016.6873723884612,991.6600988839944,965.3576864619713
992.5109249671059,982.5167815895509,989.5434273958618,1011.0016443233958,990.2535648619366,968.3961663758841
988.7384441985345,974.3478502778098,974.7081970111324,1015.1654864331875,982.1258122034975,954.203643187491
973.8296275387875,962.9866169892093,968.6861295349366,1006.6838351452138,971.6971632730349,943.5998239694595
969.4536715903567,944.6489452200248,947.6514885548495,1007.6715324219799,958.1688090448935,918.5521901222073
954.7927962797329,946.2029174062525,948.0609232948148,995.8780963562742,947.8562059248325,912.3915832467459
958.4346814965965,942.9631815978006,953.7873394014939,980.8398222409194,950.9241313481547,920.6863753102314
958.6817965085841,941.0463167630822,945.0891183245443,991.9548217990579,949.4382288630195,909.1873726883164
949.1826915142974,928.9181428443966,934.0907708123666,992.2146381652954,939.5899445684558,897.4645671267914
947.3483518838945,934.2613613873895,943.5023073472562,981.9267363922578,938.7965390798117,898.5478884762458
970.1281166485822,940.080353966069,966.1075225475224,1002.4366644035729,954.8049149473896,894.5997814560297
981.6670591301182,963.7866999909465,980.2503792354562,1024.462699468686,973.1789508914896,904.6423949144762
992.9068751503326,977.627066584783,987.5980192629036,1020.729952281845,983.9241992491802,937.8295330200447
998.6823708916099,980.561463979747,996.2872859250288,1029.4797257838848,991.9426525939665,945.9779370903562
1002.8052842532569,991.1561211269067,1001.233174293868,1030.7478600094232,998.7602301094487,956.322684913893
1003.5507853061749,996.8917536821857,999.261250040298,1021.5764529614224,1000.2472121670833,975.8059660855765
1004.2892248295833,995.2781464782391,1000.1495870766449,1019.6528900402745,999.7054185584717,980.4776151019439
1008.9034730149308,995.0917289309136,995.955005512412,1029.5549718900802,998.0522962945287,972.4979158016796
1012.9017841772137,994.7490955366732,1008.6862434374449,1043.12638547703,1002.3206244749286,963.2153036656384
1015.6652418015555,1009.8044322254327,1011.7466937038496,1038.4781019604175,1010.2164685706475,978.4443564187618
1018.6253202173334,1008.7021848755377,1013.7794001106537,1032.994755157216,1012.7630469072519,993.5348928624225
1021.2168752158018,1001.6447854831666,1006.2280245611258,1049.6542621478477,1010.00371233589,975.9161994617731
1012.1448703752815,1003.5570712499273,1006.7869353252452,1045.0667182566212,1006.5074799431857,974.6669961116504
1007.1784686641389,985.2936871525285,987.6684648528187,1040.411214642735,997.2277000890322,964.2297630503263
990.1086448495616,983.7154349833949,985.0588228831026,1027.1826323105447,986.363643867961,956.4876538661042
999.968133212364,982.2389380114605,999.9095587483537,1019.3400746038565,992.4841908157284,959.0340619361832
1004.0763220571149,996.8971453461838,1002.1886121112017,1027.1149302180959,1001.049085429778,964.844000438512
1001.3228185385717,987.9756216465692,988.7698856116968,1023.3412546636193,995.4792488614496,972.0253206562878
1013.4512377501311,987.9486543899985,1008.2944435118403,1046.6513248295214,998.5321645617689,949.5268741991863
1006.0684611807139,982.046331646961,986.215024904872,1059.8997820128443,997.2547342083565,936.0879997781333
993.877581674012,979.2837105556799,980.5383055999159,1038.9872173197016,983.3766652523943,942.4472156894917
984.7382208758767,969.2094544580677,972.7451846012223,1019.6618908414455,976.6417451005694,944.3552970010958
986.4081203196423,973.0480410356794,984.4224663943588,1014.6765217996384,978.5838254977909,942.4544075452118
982.9148008710571,966.3624063101931,966.707626879376,1014.8055824871226,975.5650466368678,940.0243978750584
982.3109136239051,964.0086301275296,979.9342807238913,1017.7801970322167,973.320953801634,930.6435018891211
981.9411993978172,967.4613288590175,967.9312909146882,1015.1878710187784,973.9327858192901,933.2324859308436
977.0437313613834,964.2721186011393,971.9298604976855,1006.9355254311777,969.9305757061871,938.8068171835712
994.1082996461491,970.2829817503917,991.3434983751104,1022.5459363711847,981.6366794363983,931.0536097311838
1019.6773978702897,990.6663191099476,1015.7447270715397,1060.436869302015,1003.5441127233254,928.3458776617695
1019.2053272845754,1009.6037474254001,1017.4039167909692,1058.518117929015,1016.5743219312549,961.9864713802247
1032.5487989213957,1017.6127145750285,1023.1112909942466,1050.5689820915263,1020.2576038926084,989.2248215776731
1029.137628300084,1019.9786758583268,1024.9536673096327,1055.0880024120709,1024.0324791519402,994.8504104417627
1039.4275627764669,1021.6644411618363,1030.4803495089811,1061.3986954595546,1027.7170084093073,994.0935103185882
1029.6989528556815,1017.9199310560882,1019.6892979637228,1064.3262486127664,1025.0848237363523,990.47089007721
1035.5013511275745,1016.3885947220742,1026.6260611844884,1063.737719312959,1023.1576795741059,986.5082738002284
1032.3725350021336,1018.1897094988561,1025.3972770157663,1067.508651010694,1026.0116691001276,984.2696962387529
1033.613865186025,1008.787058475719,1015.9545814270105,1072.4027157320966,1020.6759292213886,974.8786351981415
1025.1180412745596,1009.0886664946927,1021.7323559831451,1070.6502319610058,1018.8434687050781,968.5097782355775
1022.7552909271948,1020.0408702156097,1021.7613674353887,1042.8103785538942,1021.7468617092673,995.950889825268
1027.6647796998777,1021.572985599293,1022.3845089997204,1034.0379661363484,1022.0729382175549,1012.0224291059274
1051.8528324206275,1015.6451558464157,1046.0008252638431,1082.7104836455462,1034.1926671317822,976.9618069585586
1049.3049686897175,1027.7754765711047,1029.2576203087622,1109.1733259288137,1037.6292227863032,964.830404196756
1040.9328445020726,1022.0695820079135,1036.8396662557063,1085.9072981971838,1033.048643282235,984.9254116652576
1041.4606773612309,1026.268193516895,1026.9026265998962,1075.5366109810057,1031.871146427802,990.397245134772
1036.4582397287747,1025.9997815102797,1033.2412368392825,1064.7750597418287,1030.0719317195899,1000.6477045847553
1040.0801744763423,1007.4267740294014,1012.2671912609583,1081.9548518556699,1022.7542140501209,974.1752051920835
1015.1709443771986,1006.231440976761,1008.3431798817883,1069.778750167515,1010.3051855713738,965.7964905490721
1011.228046466335,998.6267960063634,1001.948974116291,1034.858790037048,1005.1460769990401,981.0069053860288
1003.9533815332056,995.2542846664869,998.4911671641701,1029.0079199238453,1000.220070640231,975.7570516071235
1000.2886834303755,983.587921731072,984.7475342769535,1027.6993343104896,991.6193507205624,964.1996878954378
992.0636253876102,973.1635986811631,974.1265828445368,1032.0992996931893,979.4370585607458,943.0973286788167
999.6391975483054,968.9867073877175,992.8790246801718,1046.0629686956224,983.5028037623549,922.1816765280387
1012.0467577021582,989.949922708948,1009.8775265822667,1059.3134689565745,1001.3782756312198,927.4401560720828
1019.5847868336441,1009.3919663949557,1012.3453174659921,1048.400524189502,1011.11142202413,967.6763856097593
1024.1130464261716,1013.4462529352187,1015.6312272548661,1042.8155770344692,1013.9882723604296,990.6665422103699
1018.3985316577293,1004.2562043793913,1005.1412121648694,1046.2196339985298,1010.3862197098683,984.1968320753062
1022.6466191936995,1003.123039148186,1019.5692602827148,1054.4755260508364,1012.3552362237926,970.3107577412114
1020.7084189973826,1005.6504543536414,1008.2062160761565,1056.5591208734413,1013.8877381794362,970.1052591503083
1011.7970585817689,997.50324066363,1001.5349321102597,1045.8181015398955,1004.8705740932086,972.4386451351991
1016.7272456837608,999.113256766093,1012.9107372740858,1046.425550057329,1007.2228346921733,966.6560329678161
1018.2250452852135,1011.394562078153,1015.6269315843414,1042.0975122402128,1014.2688344292142,980.9863319283958
1021.0745255074686,1004.1883343870687,1020.8019656399573,1043.5302403411424,1018.2144486121499,984.2385545224953
1021.1512367231352,1013.6051939175869,1015.2282559456321,1045.7138933965339,1018.0151107927952,984.6333085816672
1030.1974683583771,1017.0862219313791,1025.5361279578028,1046.4435940747685,1020.3821919517179,994.8003709934064
1035.4392745420366,1026.8090873380008,1035.2033077215071,1054.6798883170654,1030.3697178396556,1000.3263042394847
1039.2675457160062,1030.2474909491611,1030.5640189512962,1055.079082313995,1032.8836633364022,1010.9534773867965
1032.3217597410467,1025.4930369109923,1026.7594865873054,1051.705405221209,1028.6617527693013,1012.083461228964
1028.9641293096422,998.1381412921778,999.9041424963484,1068.789084463966,1013.3318145418274,974.6523073451726
999.9514673577623,986.7486626765083,990.3609838573385,1059.043099951009,995.1325631768439,948.9711182042165
1001.4693329973662,988.9969888871426,994.5663183964188,1026.5514416862165,992.4636511268791,962.3635697075258
995.8456323316097,984.0280561363205,986.7307980083715,1023.0960925750977,990.6485582023956,962.371291811319
1006.3165758754392,984.0642814800929,1005.4870033070534,1035.470290898805,996.108900657713,950.2956144222196
1012.7067110963507,1001.0906130180042,1008.7557538870258,1043.6958194070207,1007.1213785970401,959.0248382227924
1008.2207010148479,1002.8166339492838,1006.2591495013471,1027.565397653802,1007.507451694187,985.014984794029
1016.0557273284952,1003.655528812153,1009.1010329526842,1030.0331337145,1007.6800912270162,985.5224697597376
1019.7328661217554,1005.3602842837854,1014.5333818312561,1044.8452149428422,1011.8172073919707,977.913264057065
1023.0409614467962,1010.8062040854096,1021.702616120054,1048.1698577990505,1018.1179989756556,981.6515098006624
1032.4275222916074,1018.5040161069323,1021.22069129092,1054.060629362792,1021.4616537054876,988.6649704976414
1028.8189571468333,1011.8217985956618,1016.4445307816773,1061.7800041639916,1018.8326110362992,984.4783423243787
1016.5937092016,993.3908393777482,1000.0780101796848,1063.3157858006207,1008.2612704806817,962.815714863066
1010.4739905953762,994.5558163165945,1010.3721792622375,1053.049119719405,1005.2250947209618,955.2465094628251
1018.7113904828694,1010.2582468023303,1016.6312174502835,1039.1256025074872,1013.5016983562612,978.1973076091888
1045.4115662348652,1013.5571869891427,1037.0809960877875,1072.8970392231895,1026.8561067690362,972.1282319075392
1039.9729182913875,1027.9979570522098,1028.5752211247675,1087.0837461786894,1032.828108606278,977.5103949664426
1034.2972628457228,1023.2527750261846,1026.3026796746335,1060.2831672615384,1027.4389503997008,1002.7345446147523
1030.5502147081754,1015.4312156478106,1021.8005939965091,1058.7582335653858,1024.0516368355716,993.349516365632
1022.8636138308174,1019.8004321162695,1019.9989369792675,1045.0054120597251,1020.8997654878885,999.5499601224471
1030.8358102897255,1018.670480380609,1026.5035753710724,1042.1550274317092,1023.2512561751703,1004.0837483725518
1042.9618677128378,1021.4750423504178,1038.0000271988192,1070.8468410753658,1032.2518012849462,986.716452896528
1039.287249104974,1025.8255864726464,1033.5438440024102,1076.3844343218261,1035.771935600615,989.0132143349603
1045.5058913973824,1026.84854387921,1039.6690690153782,1074.7713032780773,1036.6064565088946,994.4737779018305
1059.291964767487,1038.5278598611992,1054.5216429886582,1092.1938740362498,1047.0953560020184,993.6402429751031
1055.346440803187,1036.3037597955608,1037.0263957898846,1097.5048779413569,1045.7740193892716,997.9879131565755
1046.563868729958,1032.9501941419228,1033.0664835651867,1083.8740004489,1035.046439677536,1002.23311145975
1053.612372941548,1029.859375860975,1051.4326143521223,1087.8147156598402,1042.249548958655,994.398036488323
1052.0555771963186,1033.8093159514697,1036.7875821522014,1095.2636442934424,1044.1100982521623,990.2654984798907
1037.7084530216553,1031.1633967430864,1034.7116937344535,1069.8536490411207,1035.7496379433278,1007.8753552325795
1044.4747508579417,1036.8787499862483,1041.2077874874967,1055.2810869203877,1037.9597406109756,1019.9284440447353
1047.242598097338,1029.4194290424334,1030.111950882853,1071.458535591622,1035.6598691851755,1007.9106107751302
1032.6199603998582,1015.7605491820702,1018.5788259200431,1074.90559189108,1024.3453884014486,988.1991412093516
1027.8991930396992,1004.5903472493084,1010.26915796588,1070.833905661541,1014.4239919429622,970.4132631410973
1014.0639566267447,992.8746783858189,996.2327360105866,1065.970724253171,1003.2509469882339,954.7254141748829
1003.4394887218926,991.5086015619448,995.3082311263298,1042.1669579567642,995.7704835684588,959.3665444545834
998.650328995308,984.6067604156538,990.3972494288905,1027.1901612627105,992.8527402776108,962.2540219137086
993.6657568245408,976.248181084535,979.931917722176,1027.8726332635497,985.1645835755339,949.2197724644027
981.9319977668911,971.9205231593736,978.379846966367,1015.4332287412363,979.1558823442722,946.8606028724313
998.0169472592354,976.1678472153188,996.8524174334593,1022.128158433748,987.6161321999139,942.4767218051661
1010.7776600120436,996.1449374328239,1010.3881568940405,1041.227628071364,1003.6202871637506,950.0230715135265
1020.9006822934987,1001.9493820850275,1010.979442431122,1049.7074303479694,1010.683799662582,965.7473733787454
1025.2200472531747,1015.4116323577566,1023.1820771124474,1052.0447719990661,1017.0807597717854,980.1454842393462
1030.1586906446937,1016.7873290847682,1026.299474381904,1051.003636493854,1024.7407757471765,993.0541953554981
1030.818263823218,1019.0420720512121,1020.0924098135721,1055.791029690459,1023.1959420977389,992.9221463606334
1054.3508548679795,1019.9206923204617,1050.655931443117,1089.4300615496468,1035.3741706283454,973.9141757508405
1050.5515304807566,1042.3439185656575,1049.3856058462338,1095.692649684161,1050.0207686446763,989.098213527622
1051.0992916915486,1024.1433945353685,1025.0056585058,1086.371245122752,1037.1956321760179,998.462472444557
1044.5175618921369,1022.5917209054278,1037.6161495422675,1097.2728700169112,1031.3109040240347,975.0685246596911
1043.6673089072428,1019.8811379010832,1020.6756480981999,1090.3111940603599,1029.1458988202346,976.031164078191
1045.2802783379636,1015.6412428641552,1042.8852153128998,1098.5994314833401,1031.7804317055507,965.0364152834227
1047.8024066833918,1042.5476295888961,1043.7729705061404,1081.8746169206736,1043.329092909521,994.640085499916
1042.1882172465487,1027.1160977589243,1029.3631875780882,1065.4451984141708,1036.5680790421152,1014.6279569588735
1031.8229696088965,1027.1782454441438,1028.8104959394389,1056.8426949845182,1029.0868417587644,1007.5505858535785
1038.108254987583,1025.3408464076342,1031.3260996747042,1052.4672198875646,1030.0682978070724,1008.9368880258139
1047.306767593884,1032.8629351940094,1046.9133789739865,1070.098041439414,1039.1197393243463,1002.0699389898587
1082.0146293174328,1048.2739675105083,1076.253410105827,1113.4798874534044,1061.5833945399077,993.0186519364099
1078.2482418224818,1068.9266695996378,1072.681652926004,1123.7685403546157,1074.4675315159166,1016.1129552801974
1072.7010798770143,1056.5026794700266,1057.1692174516927,1101.1583344066132,1064.9254351888494,1037.3584028320367
1057.4757016757244,1043.3287743936837,1043.8253522479285,1095.6522176182207,1050.4972848498116,1019.7888983956524
1046.4066066586538,1037.1040748845787,1037.9691960551406,1075.5274136430241,1040.8972741515356,1016.9037660027375
1041.3263203293363,1029.6863158015597,1034.1754326672574,1064.9159560266962,1036.0723143612,1012.5596152720698
1044.3382341391903,1030.5962301221912,1041.4847645080881,1068.3707191310682,1037.8300985876735,1004.9156977691321
1045.0123221757547,1001.9070091709837,1005.5478899560997,1102.5213453283461,1023.5163272320947,960.4030527739241
1025.0692403343915,1004.0114279777691,1024.8691417662624,1100.3301834867564,1015.2085158611818,939.9223700832761
1026.823912769953,1011.1504959949841,1014.3820095601316,1063.0168830897064,1019.6255756631978,971.1888102607313
1027.876472853431,1013.101402465749,1025.733415453931,1058.0261791254632,1020.0577125070321,981.9049612188386
1030.816940014315,1021.8149998440018,1022.8344633304357,1053.2701553976258,1024.283939392184,993.8276290026406
1047.455891860008,1018.716780365442,1047.3254810740884,1077.3166884072334,1035.0799722022628,982.9640592450384
1053.4986960396557,1045.0641496108153,1051.8050177248165,1088.0845942708918,1049.565249399453,995.1504494623786
1061.0098161682324,1050.8964904228237,1057.6665403417408,1075.884458292424,1054.7357790332792,1029.514777856804
1067.9748591206292,1053.0736983055488,1067.8208707621006,1089.65994031732,1062.7437055519213,1027.1237239161
1094.2767515144008,1059.5961230112641,1088.9986706184422,1131.3706917284896,1078.4097706902721,1007.41621843295
1093.4020538264504,1071.3986585754926,1072.146576636293,1151.3054834561572,1080.5726236273683,1009.5954240709241
1074.0041947086108,1069.862324269565,1070.4106210623156,1110.0800380739538,1071.2785988493051,1044.7168738489477
1090.272981812718,1066.2753855984072,1084.5505141824074,1110.553096829678,1077.4805676223623,1040.2044301962892
1087.8175832261466,1076.171648133493,1076.2783536822924,1125.0185287002191,1080.4144339323507,1035.9097004328105
1076.9801280502797,1059.0039541480887,1061.8643214428232,1112.2349247539605,1069.0713375625587,1038.179652266851
1094.5623477324968,1061.3358795373065,1085.2310767119993,1137.6372479134102,1073.5476990774123,1009.6306426699588
1086.7125473372657,1065.0826047151859,1067.4463207892063,1146.223366219671,1076.3386987506037,1009.0823391764975
1067.4328976144468,1060.5251564515327,1061.833563264429,1105.8502552183259,1064.6399420268185,1034.506045755843
1066.0603112092133,1048.6775814261962,1049.2775730556102,1091.2023817712654,1055.5555681600204,1030.4762044064394
1068.9321580091648,1049.4676305610037,1061.4441110848827,1104.665220698373,1055.3608420702471,1012.5470776204296
1066.3409698191242,1052.0339461773851,1057.1670508474979,1101.6835876323728,1059.305580966191,1017.2547099076245
1059.4891010969966,1039.1947284768023,1039.2936012247346,1097.8093056623313,1048.2303260361168,1011.3058150075001
1042.2246871715467,1026.5330330375443,1034.325128451881,1087.1581905971848,1036.8093648383083,997.1931237116953
1040.1076334061427,1004.8303092221007,1011.3792806298447,1092.8627316055229,1022.8522045408633,965.4402858104143
1020.2521316183683,1009.1699682310232,1019.1212095699432,1077.2084578291397,1015.2502450998944,961.3097389006745
1021.6908914417487,1018.4398091594907,1018.7296021060417,1035.3704549182853,1018.9254058379929,999.5373407442797
1027.4472127355552,1016.8390339571307,1026.701508419719,1038.4885417608134,1022.7155552628808,1003.8403891091092
1038.1898890381328,1024.0124684380364,1037.938834978477,1057.7566663136442,1032.3201716990984,995.7926678673442
1064.1312565999453,1034.368066830257,1057.1441236081303,1095.6207852252455,1047.541479293304,985.769259300786
1061.0951638860754,1046.6458430788236,1049.3946262359889,1107.3469098845867,1053.26937492206,996.8156334422388
1052.8929013324441,1026.8682687664486,1034.561157014455,1097.8926947587624,1041.9778916252224,996.7078113256465
1053.6607797869347,1032.626708017044,1052.0712035115812,1100.8732651283617,1043.3161802630184,983.2265042886484
1057.7607826702633,1046.603093185304,1050.9416496754022,1088.1737691553171,1051.506426593492,1007.6943660181942
1061.702386009453,1046.6590256384795,1055.8981167947716,1086.099129948329,1053.4198832350871,1020.596505308499
1066.1702223596913,1055.5098388083472,1062.6062523370501,1089.8009470298994,1059.2521845659112,1025.5415872241076
1072.8602442243498,1039.5959861706226,1045.6573173083154,1114.0172409824722,1054.1317848226831,1004.2056369697962
1045.997531423519,1034.7530185609405,1042.8802547960252,1104.52222780527,1044.2687860521705,993.2503005145081
1048.1292903230103,1034.1550497464025,1038.643169284218,1072.4367117320485,1040.761712040122,1009.389828134085
1044.5824726988012,1028.860602616085,1028.886203889997,1076.2649844911934,1033.764686587108,1002.0247078428854
1034.7336680121755,1012.30431842426,1012.9066910207791,1078.1742588982315,1020.8964474553885,982.7962097216543
1017.5554337398464,1007.7243326053556,1008.3112799551905,1058.698481555215,1010.6089854879853,978.0473547492013
1014.4765335626832,990.2849341857258,997.4538169951481,1050.3783279882407,1002.8825484751698,965.321576709622
1002.2655504287252,989.8343067086123,997.6386754904139,1045.363381179352,997.5462462427815,953.8062734366781
1000.6623855054612,983.60155990587,988.2376435483726,1031.1803016675296,992.9381595193938,957.4501283682713
998.2035436376177,973.5010477052277,978.8680659634399,1041.6524613070187,983.5528547559068,937.2441574770676
981.7784979033598,961.3132645465199,962.5808038834211,1035.683781278266,970.7244349234311,922.7644580551932
969.2685465906058,960.0048333057243,963.4947799970737,1005.5124961442826,963.037791940248,931.1901295399812
967.7886912657929,960.3303028051582,963.6224883246288,985.3240525553181,963.5586341608519,943.5187981915299
965.0481276312379,947.4575195562451,953.371283599858,991.6580493924998,958.496885962244,929.0355580534333
966.7035299955767,950.7674553061522,962.5300573286353,999.6967487938441,957.9506704642473,915.8800418828031
967.895118594308,956.7690462939779,960.1041931716994,994.5582332264844,961.317125250168,926.9028657521002
974.5305427431202,960.4261814841027,970.8564533284696,996.6103917293849,965.4803232500851,933.5343078310179
984.9628234870034,969.4066335482809,982.024953909026,1009.6338669356439,976.4407036187483,935.4824889412955
984.6229115947746,974.1853317471727,977.8727751695844,1010.9660769132959,979.9488645393058,945.9816524474866
984.801625499743,976.9791838802272,984.3066277182548,1003.0590983827758,981.0897014439201,957.4090447149836
999.3944315147937,981.483034333321,995.3475014005687,1018.0250162530959,989.8270645594123,953.6904192506267
999.2739563948405,984.1851710724823,987.0131494681731,1032.611119096596,991.1803254343714,950.1106628370204
1008.5919957963504,984.242734703851,1003.6770665805134,1043.7833166784935,995.3451080243437,945.1882006413512
1014.0280678895721,998.5174191171922,1004.3546741693722,1051.5869910994766,1004.0158703749432,951.93721643728
1009.0444803139187,996.4288363078044,998.0433941387174,1039.861467202962,1001.1990341540452,969.545735256728
1011.7806616733991,994.8135941193261,1005.7448632727118,1040.2181102688032,1001.894128705715,966.2613313683364
1013.8154116420918,989.3880467807764,992.8206675133683,1054.6338077010043,999.2827653930406,951.1477266625348
999.2513340853599,995.1680684286306,997.735609205805,1035.3502342058775,995.2781383595872,964.0736579107672
1015.8349939271637,993.9698162806255,1012.8950391253113,1033.7378439934146,1005.3153241655586,968.8667357352472
1013.3102812267581,1000.21882983031,1000.8294459087044,1049.8522607174637,1006.8622425170083,962.4606881099994
1015.9331268290285,993.9364799483826,1012.2835332742379,1050.035657815431,1006.5564895914716,962.3154121226974
1015.1976833496608,1006.9400814753322,1013.7387788637785,1046.0941128288387,1013.0111560690086,970.4584909414039
1019.1626662931563,1002.3369881474624,1007.191264097703,1042.4372218343885,1010.4650214807411,979.7290217843336
1021.7661693083878,1004.7601961803349,1017.1742677785228,1054.5788241123405,1012.1827659381133,969.9996959279747
1018.9426895479289,986.2685229054906,990.8832029072379,1070.7096913103437,1004.0287353428807,946.5093418841169
1004.3284946468677,989.6557763042815,1002.0976354342653,1059.6228594940094,996.4904191707519,941.2556470314495
1006.2985216850594,1002.5957590991005,1002.6740685940466,1023.8037830568871,1002.3858520141563,977.8650807355258
1026.2654888455206,1003.3499760314866,1024.9029928884872,1043.1658347109117,1013.7885307412673,976.6201462109307
1033.27089834696,1020.5604396929389,1024.3568205165961,1065.731554910621,1024.629906702542,976.6666262404846
1043.750313743845,1015.5557045216847,1040.545884431836,1079.8803558979075,1032.4513524742165,977.6176862074553
1039.538382393945,1034.1019747963805,1035.97588014932,1075.6756386747861,1038.2608822905784,991.5980966254751
1036.8229710371645,1014.4326135820373,1019.1079718305245,1066.2660948585194,1027.5419259899227,996.6991822267914
1021.9085343350201,1012.8238750557011,1016.2600999640687,1061.1257311503846,1017.684035897297,982.4381893142707
1034.7756473405434,1015.3505337542003,1030.4942925658684,1057.0764793710027,1023.3771962649689,985.8020472068492
1042.521831797797,1022.9358431428883,1041.405470146948,1078.029623205505,1035.9498813564087,980.5018676023773
1041.9327139498855,1036.9062790695973,1040.5684488969314,1067.03757670215,1040.9869595219402,1005.5065178641596
1050.8721010255647,1028.4525694671063,1040.9623261430456,1074.1022574844583,1040.765387519989,1005.4873413875936
1043.0581032030018,1016.7826025609263,1024.582794767784,1096.2370369194186,1032.7725604554153,974.4994564180856
1027.1112677187382,1015.2496273724738,1017.6573517391032,1073.6258890691138,1021.120073253444,978.2830365982659
1017.262798351955,999.3330858177256,1001.0576914032218,1052.2066905314896,1009.357521571163,977.728308330257
1004.9840259740089,989.6797490391664,994.8035202658351,1044.6342398616916,997.9306058345289,961.5492661890139
1012.0911201755721,992.7967203895107,1010.4339939162555,1043.439356678473,1002.6187570910458,956.9426648762151
1020.2284850279561,1007.020764704756,1012.8742141618775,1048.9336553930848,1011.6541040390671,967.6783551199326
1028.2838383136243,1008.7114464144065,1022.8922455760129,1057.3103840233855,1017.8832298689458,975.3601034673422
1029.2948862389544,1014.4468700851013,1024.8617661336416,1063.5057034392453,1023.8770058548279,977.4546833065698
1035.407242431722,1023.9670471189073,1027.9913818700163,1058.8107006736857,1026.4265740018295,993.090172007018
1051.6114906028004,1023.7458291077639,1045.6336815435186,1083.2529257437718,1036.812531706768,984.9882837241458
1049.709551600619,1038.814912857462,1040.5995858840029,1089.851802516982,1043.116633713761,992.9510519215
1042.751846324825,1032.6791245630423,1040.2733924275205,1067.3037766716534,1040.436489155762,1014.8853754093059
1044.918427845507,1028.101457488384,1028.1403246260345,1070.910139701973,1034.206858526778,1003.6859094047106
1031.2420161753623,1007.4722650373521,1008.8736458672172,1079.08050387913,1018.5069852466263,977.6137001412992
1013.1936078850791,990.0632242229601,996.4762273291987,1069.6621552240656,1002.6749365982084,952.4118182237446
1011.114962523986,993.8139687541604,1005.0485076736421,1053.0020293177706,1000.7623675014208,951.923585737911
1006.5529585613003,993.9934249551026,994.2907131514094,1038.9226315819924,999.6696104125263,964.2713131419362
997.3024195401397,968.2767578686266,975.4296781335464,1044.0203549956368,984.8601956424784,940.0573668013619
979.616664588571,961.0374029875321,963.9928932389619,1036.6709590879764,969.7112856862547,917.6586509065987
964.5251142828596,941.8003074681187,942.0996849388323,1013.8237268156495,953.0462890888975,910.5635557762022
954.2577288480437,929.9544137868353,932.7007731798994,1007.0039137112651,937.4002290593663,889.4336090213939
953.2339466533996,928.0725434695286,948.0502463572747,1003.860549228511,940.3755097685876,880.1987536158144
976.2197742644645,939.769229158376,966.4768794922754,1027.3687780155224,957.2635629247756,873.3389072906257
970.0767313521615,963.5008906457643,966.5858932617621,1016.890452006433,966.5313863770193,909.3244874752211
980.4553248445941,967.3577245328469,976.9681280617071,995.0499043401867,971.7770106617352,945.866301794828
988.700419891434,969.999071382716,987.4144153857429,1016.6434503265023,982.1912717237255,937.1460782753416
989.2165527845427,983.6725506306067,986.1087708657255,1013.3979736384182,986.7615931257347,952.7845969817854
999.9795923725596,988.2947227693082,992.4155128757028,1011.9111941924914,989.2621418707147,968.8390147995249
993.307276541274,990.1248117215608,990.5697279441108,1011.5845459160364,991.4926204099073,974.4162098586272
994.8603791911835,977.5907099818365,981.1609121366193,1014.6922717200955,985.8653200403655,963.5619366474475
986.0771185049135,973.3501506118819,977.4184542057801,1020.6992542580772,979.2896831712002,945.707661502133
985.6626326468095,968.820613236122,970.6573709000825,1015.6666574302369,974.0379125529317,941.7441891709412
972.7234449526437,961.1410332604631,965.0251877905811,1007.831969670807,967.8412793453322,936.770891913639
975.0861027630021,942.7896144712638,950.568644288282,1018.3969076738335,957.796916039432,908.6996577140386
962.8812877875862,948.75467423303,960.6461342491065,1016.0550538054946,955.6073892686946,899.9972991897606
963.8920366888153,952.5335035697616,961.7280136657363,989.0435231141901,961.1870739574217,925.3306564301674
966.2992851949314,955.3950934532072,958.9001922770578,987.4875803197419,960.3141029713975,931.8307681677994
968.7606682461202,958.8045181481021,962.9077718629046,988.5036167094379,960.9039820699816,936.3527621100845
967.0214886757856,957.4696350711986,959.3922649926528,987.4979159519901,961.1500184277791,938.7279066954798
969.2372964647014,956.030063783083,966.4510936888955,991.0264886250395,962.9216793407745,934.1287729095284
967.0990725934137,963.6575463728024,965.9191697813885,984.9136787877203,966.1851317351424,943.2917815321484
965.9363683102015,950.6114035595198,956.3019246026039,985.4128862663209,961.1105471919966,938.4966588380908
963.6053102075441,955.9353476680334,959.5755075015497,987.9189540412005,957.9387160520772,930.431635815722
971.8066030046241,955.1762644103035,968.8991380908427,992.1804287586702,964.2373227961966,931.4296759240943
978.7915040121761,969.4711725399351,978.4151553246668,1001.4378352227598,973.6571467077551,936.561160056358
987.1821891634122,976.8745232229402,979.9494279742337,1002.713527900323,979.1822916494507,953.6435343685428
979.9102166385844,954.935994178266,957.3114806512417,1019.2045447810551,968.6304543127382,930.9998237790815
958.0564510094935,947.1477298573096,948.8151519269721,1005.2510953303332,953.0633162891074,915.54373629908
953.5570469060647,942.963024281176,944.4169869024697,977.431131889294,946.6160694147214,923.674272446615
952.4621620032322,939.1456588486138,950.4760603888,977.0730540424512,947.4465236456354,917.296739593686
949.5772136684718,939.1733805257804,943.2511682401046,974.891076977174,946.8636143144528,915.590236233902
951.6748486382676,931.1977232052689,935.451515999094,981.786995695818,939.3513421195998,904.584599256595
951.0668957962373,930.4655202526618,949.1913047204456,992.8976412558416,942.3214103597704,890.2013888144083
950.0111282672349,924.196660875341,928.2401445273325,997.5359811334371,938.7157246238896,881.496373794766
933.1352357305078,925.8777085809346,926.7615920929127,975.0290661757875,927.5008683101232,892.3490798221221
936.2746437157052,916.9798190719074,918.8045883658127,961.4865092579921,922.7830902293633,895.1056297745669
920.6742492938649,904.3134635411334,910.9217854628404,964.477613879159,914.8631869143271,875.338587887838
938.2057904753585,910.429337162764,933.8460285310106,974.1412832272749,922.383906996926,863.7981855639623
947.083115673567,932.4371179220623,941.6792854713316,985.5983836875182,937.7626570011716,879.5422560272726
942.4459535671269,940.3772474971665,941.531938709452,961.5956390442515,941.6056120903924,919.8088794905912
959.8316435199723,941.4064869816737,955.1150291250391,971.8134947826829,948.3234839172461,920.5788382620377
960.4217817000921,947.5662935143483,948.0531327798092,991.6725346961928,951.5840809524248,913.470922886089
949.8778642776333,938.1107555338647,941.1389789821898,979.932376464324,944.5960558810001,918.3758841405453
944.3185645334162,906.431629803446,910.8653253697149,997.6011858517027,926.0021521759529,873.4660771673578
911.5827858028712,890.3330315384012,899.8065485169499,988.1135477945595,905.335936943333,840.2718253084614
905.8226602977496,894.0282664805823,904.8846128078372,942.074755136493,902.3455806623941,859.464384932402
902.9742848796122,888.4356993729798,891.6329799032743,930.9267315020663,898.2587963555563,865.0942831925693
891.5374697559597,867.2936626010446,869.0238925555591,936.4904388226485,880.3284362294173,839.5344571687821
887.3748852713757,867.3894661637896,882.2108806813484,934.2472000845252,875.6173866184544,823.6741344282748
885.0614065433388,880.7348063834272,881.0015140052411,910.7683849079456,881.6061973432954,849.988336739204
898.8599113292258,878.6776592370243,894.0594292110113,916.7092626554763,887.5304716081268,855.4371320251961
896.8984362055413,874.2082010868204,877.352255828103,941.2715034313013,885.7058425195578,834.0902854039977
886.7677276723491,874.3900610300918,885.7295265451772,927.2786678310524,881.5408911866407,839.6089134286094
890.6457640820593,872.8610317298937,882.8163439270502,919.1354935368392,884.2729352361143,843.7294960507847
887.2314207683762,883.1107727864431,884.8025514996161,911.0329206474778,883.8094477133338,856.2694698122338
886.8690492950554,877.4666268603298,879.1954773273898,900.6330036560491,881.9990144135036,866.8253276144048
902.0455540439896,875.7489144416136,896.8481228942642,930.5954432489473,888.0218001108276,841.3477881561957
919.166840833452,893.878287506997,912.7927517729087,962.9330904509534,904.820437333587,833.9701081288783
922.2382158245182,909.1971014584132,921.6500898144668,959.4777855061777,917.2214207936884,863.6536162747802
950.0849662442935,918.5315389253797,949.0431802835463,981.381805324817,935.3466350490072,869.8954511122726
947.8474310015833,943.8763383054378,944.4647640793648,985.0318653771839,946.7539721814562,896.220565339538
954.2919093060455,939.3288701490819,953.0755063374731,970.1303732477202,948.7701352084196,922.7950436149499
955.9674763093277,947.9168033978183,950.4112803280407,978.2956827140192,951.7433933327575,920.7614025428393
956.5460921143265,951.3407810326742,955.5889154695512,969.561012604647,953.0000978987965,936.421052621745
963.6748548233575,944.7294105862479,945.475036422406,984.4635090254166,950.5319759459792,924.0866207285144
955.6670094373666,941.391800127789,947.7082303663673,993.187083960367,946.5916333943871,910.1354500936518
958.1266973207756,945.822296470267,957.9187368079472,983.6634013322437,952.8134835871577,917.2143759320309
957.7990264770553,934.6661219146439,940.1954245647635,993.762454766141,949.0570806863559,905.1691912338434
953.9099132046715,939.183543816086,953.8675135215019,994.1110696040305,947.0314690431333,899.4628847265406
954.0532815922962,950.5222615303679,952.5300043603701,972.360089634984,953.1987589409366,926.7166160087019
968.4082196720049,946.3145916988861,965.3855546645775,987.1168792975707,958.9577795124744,923.0552592099558
969.738366318975,961.5341657484955,962.8107501422251,999.6609078769138,964.0981524034019,923.9163365179211
965.7407960720205,957.2107350847931,958.8598839336004,984.546533531316,960.8353170379132,942.7108796370512
966.3695451844684,959.9184228821528,962.3037698820958,981.0957973487048,960.5818269078486,943.6428391248494
963.2787740438986,949.9192799761581,952.5675877133577,984.749667516696,957.4356787977273,935.2231265915581
954.5659320262197,949.6522777939653,950.9744875145562,977.3014673309069,951.7710376139576,931.618596580922
956.0198387990131,939.9366711215253,940.8801529578226,976.4388180889177,945.92732023619,923.9467633145645
941.0547622076202,935.6019416964486,936.7779268452672,970.2255639754893,938.8290399015455,916.3855935038431
941.3265773237254,917.8283449706179,921.1647890548966,970.4545652417635,928.9713579500824,898.0769330810681
924.3250615660609,911.3393432098196,913.3807552379316,969.6986316181172,917.2727721464146,878.4887548447477
921.2795538504882,911.9532226355612,919.9527730091114,945.2536663528805,916.666764123522,889.4735424249623
923.3485851230647,916.1555452808641,916.6490386515862,938.9090140789169,918.3009058303493,897.6105864361002
919.7946216610687,903.5641450461355,906.4191315040482,945.1677211373458,911.5340850778177,886.6089299945135
927.4506916598735,904.1507078330699,921.7866118072135,963.593992756594,914.1028716556314,864.767841652254
942.3994812853919,920.0378179687614,932.42988694672,981.1516240622318,927.1082493769673,866.9975062036485
936.0301700484214,928.7204090961823,931.9511820730456,969.1833929896166,932.1905345098833,895.0048323174447
954.3920880693364,929.5387348168989,952.1564972229602,977.7307698175257,942.0538396480033,897.3229843058361
974.9154544103843,950.3339876793515,969.6570137000017,1014.730318413479,960.9067554614813,891.1432684548054
974.6747420354878,960.0248829083021,972.9384942609369,1014.4512098475907,971.2977539804697,916.3728952020464
973.2532099603704,965.0925158807551,966.3013804600658,996.9198179231255,969.6199373605018,939.8934349061246
985.0657537602884,962.3364157016173,979.8751427169243,1010.3491598054025,973.0882615884955,933.1240794596881
986.6932172568941,974.3264442894999,986.3123626201558,1021.3188732775257,983.0937526685404,933.5785957123645
987.339892404059,971.3378118703284,975.1448432035962,1015.5941312921443,980.7286029118764,944.6719975393347
981.1215087205462,963.701010438807,969.0182710253663,1017.9400556706162,972.0815571144816,934.3836086319438
968.2396272645509,953.2480077394874,957.4107985721681,1007.3656936437085,963.2145347987675,926.3353991267039
963.6914833347917,948.8095818424649,960.2316101024484,996.0718440437299,958.8212043373086,921.3880415002568
967.3386980788338,957.447633848646,966.7873976454738,990.454686248875,963.5095038739614,928.522271942591
970.187344357755,956.7807046140694,958.0783607442146,992.2048282733822,962.4328791948445,933.9605683387009
959.3571575793344,938.0582304117039,938.7307384240584,999.8101782931687,948.4045495841368,913.0462610148807
936.9027146694831,923.0726659929726,926.844161544525,983.6008321857371,932.787449984292,895.7783925753868
930.6401352225698,918.497560620316,921.7233460890135,959.9266186594737,924.2837538167696,894.995060462565
926.4571636599294,922.9950666939967,925.1075835380353,944.2395375174117,923.4154648135247,905.2278585969475
926.9547669312349,921.3525765559534,923.9671112066663,935.7937136876076,924.5373473723512,913.1329953345743
928.8604948596708,920.0909442088956,922.5550858875309,942.3379459273835,923.261098547099,906.4085933622441
936.4762069352591,919.907589094136,935.1009000934296,958.195991661697,928.8279929904807,894.8505704319534
936.1085181636464,909.7571637127128,915.5866710002858,979.7364019965503,925.343785546858,872.4364712664105
922.9625094142996,910.5840540183422,919.3139984111197,968.7250805586361,917.4503347057031,871.9005559414106
925.2314716091424,913.1155355434007,921.7095969869532,948.7548022786907,920.5117976990368,887.5188236244448
921.5702695198521,915.9462093748397,916.175124293784,941.2379323754055,918.9423606403691,896.8879418485221
930.9476865353216,914.3422087080717,927.008082053746,948.6551596013335,921.5916031737654,893.0813146706795
930.4771978850699,917.3045274232949,922.2391867634268,960.7339274092428,924.6236344085868,886.2885566866823
944.6204712419247,918.3082729331289,942.5716030251863,977.4992463332492,932.4053948943069,878.7870744068241
950.9646906133347,926.0253098079235,929.5611904691502,999.7471633431282,936.0663967471687,871.6182155576128
929.3968110186152,904.9434870636788,908.6345210019887,990.2308063748042,919.09785573557,866.7490444739376
916.6564334284727,907.8728949522243,913.750220815419,956.631753541322,911.1923709087043,873.5395974633627
934.5199843090031,906.7775655695247,931.5367057380677,962.5744400868764,922.6434632767439,871.2595470475617
955.6500473989261,925.8155128762769,951.0003620618893,1003.5530462968396,941.268533899979,859.610663141523
952.3359233517727,946.5920330888773,950.0307367991437,990.0618726761666,950.515549430517,901.1158107123076
956.4141906851984,944.4418099277666,944.6210511426518,972.1841092249923,947.3258939708983,927.8934316741768
953.4819852829964,942.9012854645741,950.4110702043939,977.6356096501635,947.5160606735234,921.2529082105307
961.1485340969406,951.4517505950186,958.7298553369418,977.7009392585294,954.5704627706684,927.007230957671
961.3641388096311,950.328162071884,953.3941172498929,982.1019682854524,956.0619862934179,930.2700676862821
962.1696417336971,956.6572813545213,959.4862166823455,978.3947725733105,956.4401669661197,937.0239297810059
969.2299886846644,951.159145673301,957.4781574190037,989.468900833966,958.4821870506751,930.5108923576208
956.46670640689,946.9512174046129,948.6146298122815,990.6522954590544,953.0463936156431,921.6864654249558
978.1721086647453,946.4696879475658,976.1393282091366,1009.1070843776654,962.3769790107095,906.0623100790265
984.7396948806983,974.6032068814337,980.9076260007515,1023.8694483965185,978.5234771049445,919.2721766054111
982.9537407649117,965.4095245163825,967.7355674684468,1011.7378408079005,974.3215967345996,942.536080188419
978.3203784318468,967.3965858681557,978.0762440879433,1009.324376108939,972.9059057781955,938.154354078391
991.2580538461679,976.2505658270235,988.1525211050081,1010.8962979364917,983.1143825964762,946.0680964794057
993.9050761043329,977.7144007745362,978.2787466410267,1024.027156008968,983.2156338730179,946.0317476366179
979.35254586453,961.4773506117816,964.7817272712141,1020.9922691737199,971.5302369561209,935.8275927173597
982.1938195787814,960.5603574122596,980.7204405077686,1020.6873706491127,972.7510838894918,921.9157271009398
983.3113841721703,965.2588911068128,970.1002148067553,1022.846702654363,975.4103276572624,923.6318145746674
978.7922698348478,971.0722593548836,975.8688145228591,1007.0221430234781,972.9845146648076,942.5908841601764
979.2827259129745,951.4990622636195,954.4346142593846,1014.9715402920623,965.1517143911224,926.2123549687669
956.9454209850682,938.82689514514,943.3269206853189,1014.5892305094534,948.8807674723523,899.8337567862484
947.1592502218261,941.2657585409988,946.8145701325341,976.2559106000483,945.070745408927,916.2258667981625
954.8706068199955,941.3792881424031,946.6011339327209,970.5141187642007,946.707852032628,922.0520928681542
955.1415262579488,943.1108292567123,951.5716545958202,980.7003172526119,949.0863942642711,916.8952780555423
961.1053047019557,950.0035991120114,959.221326281658,981.3965561635722,955.3964904387396,923.5655496856232
966.7891809178551,945.0461085574942,947.2404062707957,997.1037923394534,953.2308662762274,914.9918474636934
949.919703405754,947.9039754303899,948.6267219935971,982.36266479652,947.933564132197,922.9656639572102
957.3933324670642,941.5996500246247,943.6115015401015,971.5994233539965,946.11911176685,927.0758973094901
953.7305000231634,931.8294719299917,935.6084910089118,993.6423641569982,939.6099962745072,899.4055878179728
938.4587015295635,933.4450075608787,935.6225002038707,973.2771348152128,935.6154956063918,905.990329660574
939.1105388243403,929.6648169704748,931.9448047407757,953.3052080278319,933.7836524723239,917.1566684714587
933.2098124264672,920.4456985192485,921.0584924717051,958.505647372308,926.5016486062411,902.9810579696
924.4478787706871,918.2413755289913,922.3671759993867,947.9082599486667,921.7128342355467,900.4817170763829
922.156689276885,899.2658997009747,903.0032960423363,952.7081622087605,912.6852360208622,879.9649301647479
910.5635760291877,896.9921557574913,909.4311661716386,953.211919682192,906.2172311069882,862.0563950631779
923.0778948671964,905.7219698213646,922.2987282625122,948.0146907391625,915.8649472170762,870.6963274453445
924.5017094298513,917.0174862329307,918.1853397964711,948.8250810085246,920.2420340294925,886.724710401646
923.4100824987288,907.767342492359,909.636619974537,947.2469035367506,913.910979885505,889.429495528527
915.2379893587765,907.0983527620032,913.6998052586181,943.2763962947946,911.6682126165784,883.8204547869393
915.9610600827552,895.6808284791572,898.760753874405,944.2827742596028,906.2302795665125,873.2331037586769
905.4744709512395,899.8948631308996,904.4846624875364,936.8218739572669,901.6227081809717,872.1722753974245
910.02501949951,900.6823848774403,909.7990677347493,922.7374366161881,907.1418651111438,885.4318305101666
917.6798620828635,896.391258576435,899.0025145377891,944.7817111203556,904.4007911362702,868.2036157991126
901.7299877377441,898.5874930352644,899.298330895124,934.3913357967058,899.1504227164576,873.313590274438
915.0433992841234,899.4667274701706,912.7701346507574,927.2450633444928,906.0342327729418,880.4471470534138
934.416343796294,910.1680141820625,929.2072034875362,965.0073519547693,920.9886690691478,865.4448483843108
938.377206104673,919.0813543847813,934.7587453744883,980.4601685009088,931.9829744310132,871.5997151656036
947.4105139143222,933.3977659539162,942.0089330010884,976.5073113249186,938.3838391877894,893.2358121241768
958.0069512347774,943.9052101908022,952.2566543692324,981.0321794200202,947.1327936851615,910.7459569090695
951.5758437894028,924.8609772858013,927.2013352691196,996.0929025769879,939.728994819177,894.0513837080484
925.189756349077,922.4489011689585,922.55358781441,968.2229276979676,924.8774615417658,894.5836234886699
923.1908942534538,917.737322551244,920.277149457036,932.4049737474775,921.415368635724,911.918906541659
921.9862704248764,907.6241110832241,909.4536396776462,942.5332097974426,914.865394567342,892.9938821877897
918.5959516800044,906.1683796208948,915.0718148261637,947.2782212679838,912.262727251906,880.3038927660814
914.8238221208532,910.477003972396,914.0422847998559,933.5792668109011,914.5570498130108,891.6432912919865
913.8497672720592,900.4693309525123,903.7760816869898,932.1730802745815,908.9091832434239,887.8549441045736
920.6620120275799,902.7535683153254,914.5606307351376,948.8193346649789,909.1683562110647,870.5971345854779
922.697757133676,908.0071042045802,913.2231328512217,954.5727531618709,913.8918817931808,873.0750115584975
915.4793713321183,894.0497902385192,897.371950884895,955.5804672597142,905.2975418680595,865.2798822029793
915.5215668773218,898.5548759741123,911.3028812618347,954.3092096993582,904.3374160733661,858.3185297073392
919.5380027006877,908.0250982386636,912.8260766014215,946.2405928075518,912.0644789316293,875.0416043944704
916.8409668975271,899.6020808505245,900.412257666829,947.1774069402161,906.6191671341264,875.2979306676519
903.1313052765512,897.0785107596514,900.1418709261126,933.461772805681,900.277064296472,875.2325713959274
916.4567568361766,898.4473237016223,914.7270087372915,934.0553188411832,907.4344398317032,873.8997497125501
917.6507655588935,911.3580581052653,915.66345941918,941.5562608483032,915.1952340782369,880.8009093778492
915.6335878126525,905.4246842750975,910.6370179853335,933.2226691442565,913.1502387022579,891.9686416663009
913.0298924046532,907.5028765271901,912.1167543435201,930.1416705730534,911.376886164428,890.8018720355104
912.456095714717,906.6284688753975,910.6892090150983,924.1330858369321,911.4029816793104,895.7464790449778
916.2202768065055,908.4556305776338,914.9707674786966,927.982170074979,912.8299882468987,894.0014874045032
918.071410460544,893.7571883028229,895.094263555523,949.5840432716411,905.032515517111,869.3868723051612
910.7599700552502,893.0498185215115,904.1417863270743,956.9402355391217,899.6180249412998,851.8793013104744
908.4023656015291,891.8309672988833,892.2413185108768,944.1891413667496,898.1915524189767,858.4852667757905
895.7170762879281,891.1379989396329,894.7545745681496,923.374473177799,893.4979465395143,870.4982840504485
902.1622114195837,882.768560811451,900.0458772376106,923.1348224836806,897.4002259028812,863.2030025926131
907.8560552313072,879.8614185766759,882.0019235990486,953.0465167598761,891.0239004183306,834.5757986029681
886.5960990626157,875.7473382696271,881.3310737473165,936.5746382317267,881.6664986731836,839.4661446126788
889.0801994193827,877.1297821657114,888.3813993570081,910.7849690220379,884.8562365521634,853.7870239053902
890.0407412125245,883.240172128548,886.2427234043552,908.4183951276107,887.3120613806827,861.5409292834934
890.3461281981915,871.37474469472,874.8085093000411,916.1957641070605,880.5256163521992,851.7658826384427
880.2665764677738,869.5844796418692,869.7512026889353,915.2293388132213,872.2798559944893,841.095637989783
873.0454066806565,865.5283856000099,872.1143968316813,894.952820266891,870.9327997603093,849.455025500515
875.1718249262519,868.8761722617256,873.9346623830445,887.9765166790579,873.0245296073639,853.4448323161279
899.7720795674289,869.9950182401723,892.9106688207643,924.0684035808405,883.4226656019054,833.8866186013853
906.4515384293233,885.5370146243391,901.0863745332201,954.5485015064522,896.9985216769932,827.8195386758524
902.6821880420158,890.2054134377029,892.7542827311515,938.2890840431028,896.9203286321867,854.8108380198623
898.8812560293109,891.2724512619661,898.0409184980812,920.9864679568523,895.3976006146172,870.7725195277103
902.027479930594,895.6254525566877,898.7920838822992,914.5203400144784,898.416501190191,879.4932596613529
899.9078079160588,888.7679099547312,890.1439781922963,918.6017484062944,894.4680310372985,874.7469350682118
893.707964031176,871.1273740731717,876.6342523019788,930.8866658669897,883.3891152471383,846.5854460686623
884.0203548050438,873.9503139954443,882.8713578820405,921.8613861139565,879.7528050920104,840.2348091949494
884.7334327482903,876.8493304341275,877.7908818829683,902.4240062189897,880.3311198825052,857.5386484095864
877.7237611797877,874.3639405734502,874.9705285625448,892.5142486300506,876.3807052227573,864.4044413288022
877.4611744226022,867.1915700064486,869.9658872333802,891.2887859447442,872.4682078979633,857.2152233885188
877.942746557779,866.0234598604147,877.8416950900458,900.0327652875269,873.9037911617138,844.5605375037347
881.8763762854571,874.8493364775368,878.5189736460892,898.9654600217643,878.1803343680683,851.5996437585553
881.054400279468,864.3632487838235,864.7365063760201,905.371303121328,871.6277400110555,846.0758248624181
873.3004077235431,860.794827137415,868.0753361037708,906.6239360078359,866.4059212398963,833.6321058034066
875.4896942447109,867.8938252148014,874.3837460820969,894.6197806670882,871.2295410929347,844.3661566269965
876.1776690549814,857.1325409525926,859.9593915157437,902.7170362969423,867.1715687989212,836.114543466199
863.2293072264416,852.2398261126469,852.7830840822485,900.0177597076558,856.371237798997,824.9312366671998
860.3651873148725,850.3647415470117,858.5829950884917,882.9160337507238,855.6830395853709,830.4412165465876
860.0712477298016,829.6921699856689,834.6728067600651,901.2023650731437,846.6279009242792,800.2535562931625
838.3299123923791,829.874302835326,836.7930009706695,888.6242904704782,835.7329038653681,791.5375722175161
838.7078938412501,820.4094956538177,822.0670834829225,865.5175826734154,829.4300422267968,798.632563312204
826.4708405754294,816.9571557197529,824.2716732717159,860.6583372303533,823.1693783773201,791.1281296225834
827.5377539229909,817.5371517780255,818.6536825914268,846.6344531042519,821.4626779315722,797.8487356026496
818.2133089622009,809.9864782508449,812.4200333909337,841.2053269624071,815.536857991181,795.636744821606
824.2430245086855,813.1759462922342,819.4033379566737,840.6384442828389,815.9116856738044,792.4036719633232
830.4667482430444,815.9249808321879,822.6168989852365,853.1669730563844,821.0101184709558,789.1448589881173
824.2047228717198,809.9078196669932,811.0659098164717,856.427930509781,816.8414044008548,784.3312539708255
813.7781868900103,802.0506002565593,806.0900812450474,845.226146892516,808.5779955307603,780.1649222970742
822.7774952035627,797.4086632677894,820.1524087620019,855.8566022216065,813.1212450035254,763.115555798548
834.780492667433,817.7569676213499,834.2785529656443,871.7439423357912,827.2154808638238,765.7630498811523
842.8874683858031,835.4542545635206,841.0968838647416,863.4990073032269,837.6877184151937,802.3571601323151
848.9478311965795,841.359490400839,848.1981524991578,861.0061919336952,844.6475181819504,823.4523053886401
851.0604833428472,841.3248588304031,842.4028715243986,867.4181943173776,845.3005120117789,824.1082810469184
856.7974089362076,833.882738596151,855.8193030837821,886.9458206804272,849.111087304091,805.3200835491775
859.3324752674561,852.302601519329,856.7734289340016,888.3489331410356,856.2963660088925,813.4875729205783
876.3831176632588,853.5154940143912,873.862743776257,898.0864546862716,865.3180863551299,823.342711193787
878.5993129449245,873.6719660038426,875.714811008915,905.6023298397506,874.7887773925867,836.1149033648791
877.0180291453706,872.3687563368966,873.3340272653178,887.4115025619071,874.5244191371171,863.4699531880194
874.9708207293867,853.6469852283856,858.8495910710858,902.2429354041333,866.0918091682024,837.3101646304474
880.1956562665761,858.483243422939,880.1541716566243,921.1536748185382,869.5018813638557,813.5630539569449
883.0304925224146,875.1867349410818,880.5431765805395,911.4753793842474,880.3486741185825,837.5849533218247
884.4940270236137,876.3261874881512,884.124059552329,899.8467372553389,882.3336180664348,859.8177444633524
892.4523580393443,879.49035091387,890.89039748287,909.7357458747717,887.5072285176001,856.9111292224316
896.0910307112871,888.7295661793395,893.6003121732018,914.7203471608091,892.2453548280365,863.9116680172563
902.8351862067332,891.2489247474011,901.9897331706231,918.5160211996654,897.7950226719131,871.1467062214683
907.8606870755013,884.0415915458249,889.5978480412374,941.144736578939,895.7937906059309,852.6313441064198
895.2512639875976,891.9723363748834,893.993357657995,928.9766327988411,891.7956028496169,861.2315749428666
